50
0 2 98 87 60 76 12 18 62 31 90 57 96 45 41 94 94 47 3 51 80 24 74 23 97 18 98 53 100 22 73 37 17 52 14 75 69 33 91 29 39 34 88 94 10 26 54 5 25 26
2 0 15 58 10 38 66 60 31 21 22 36 29 34 96 12 88 26 58 48 90 68 67 44 69 5 21 84 81 83 60 1 61 81 48 90 64 6 73 42 50 34 39 62 79 10 11 44 19 86
98 15 0 62 42 75 17 87 36 1 84 13 31 51 13 33 76 68 81 42 38 93 4 42 78 71 94 20 34 70 54 25 80 12 31 12 68 35 92 94 92 9 41 43 49 92 76 63 9 25
87 58 62 0 28 75 63 68 67 40 52 39 14 65 97 32 81 53 30 56 85 37 26 65 37 82 95 88 60 15 82 0 85 3 41 53 7 67 45 31 38 79 22 82 62 43 61 64 0 20
60 10 42 28 0 73 55 61 75 66 46 92 66 69 92 82 97 74 59 34 12 71 50 35 12 75 95 59 1 4 26 21 81 84 64 77 22 29 49 100 14 41 65 1 77 64 17 54 58 18
76 38 75 75 73 0 86 100 30 66 20 77 98 57 100 17 28 56 7 19 19 75 30 6 51 64 66 14 44 97 30 36 91 32 20 61 77 53 53 35 34 72 15 29 89 76 61 58 81 38
12 66 17 63 55 86 0 40 25 99 15 65 29 91 83 59 92 52 18 75 94 62 45 2 8 72 5 76 31 66 30 7 72 72 97 70 92 53 67 51 34 50 31 46 69 19 13 30 6 49
18 60 87 68 61 100 40 0 52 44 20 0 76 43 27 78 13 79 70 34 25 97 96 30 20 78 41 32 65 15 34 38 21 27 61 49 5 41 49 9 53 84 30 11 42 23 43 1 42 69
62 31 36 67 75 30 25 52 0 0 11 54 57 32 29 20 56 26 95 74 81 73 79 82 33 49 43 28 89 93 96 37 76 30 22 62 30 77 26 99 29 28 97 36 45 88 46 49 94 5
31 21 1 40 66 66 99 44 0 0 0 38 80 27 96 60 63 74 32 97 74 55 78 16 0 77 47 19 87 90 74 76 57 20 93 7 46 91 62 9 42 70 29 51 35 100 57 86 63 37
90 22 84 52 46 20 15 20 11 0 0 45 93 27 84 63 99 18 68 73 92 60 83 30 54 98 44 76 10 19 46 84 39 69 67 95 58 39 63 77 40 83 75 45 72 53 49 42 99 31
57 36 13 39 92 77 65 0 54 38 45 0 81 18 99 73 97 19 2 77 61 46 14 37 45 6 10 52 27 51 82 25 70 58 87 64 54 60 96 87 12 59 31 32 1 48 24 39 96 26
96 29 31 14 66 98 29 76 57 80 93 81 0 60 12 94 66 72 46 93 61 76 14 22 43 58 36 25 29 67 11 57 10 60 17 96 62 74 18 75 85 37 53 90 79 50 91 17 60 50
45 34 51 65 69 57 91 43 32 27 27 18 60 0 23 85 37 43 33 9 67 59 54 46 89 56 66 72 97 48 4 81 51 66 15 45 77 8 43 37 64 70 78 18 29 85 30 10 97 92
41 96 13 97 92 100 83 27 29 96 84 99 12 23 0 71 75 27 35 21 2 14 50 31 80 23 92 97 24 28 60 77 36 22 60 67 20 22 21 44 56 4 55 84 87 16 34 86 44 80
94 12 33 32 82 17 59 78 20 60 63 73 94 85 71 0 4 18 21 88 96 89 39 25 89 80 21 46 76 12 85 59 14 96 42 92 97 53 48 95 89 19 99 18 31 57 84 76 94 32
94 88 76 81 97 28 92 13 56 63 99 97 66 37 75 4 0 46 82 29 56 57 15 10 23 15 65 28 94 38 24 2 54 68 33 11 61 50 26 22 22 88 3 23 66 19 62 30 36 73
47 26 68 53 74 56 52 79 26 74 18 19 72 43 27 18 46 0 95 89 29 99 48 13 79 15 91 8 56 0 23 65 56 17 17 55 27 64 31 78 61 70 19 64 44 17 86 100 83 51
3 58 81 30 59 7 18 70 95 32 68 2 46 33 35 21 82 95 0 69 91 69 43 77 46 70 32 8 38 75 24 68 45 1 5 62 30 58 77 66 27 75 32 71 87 27 1 79 76 44
51 48 42 56 34 19 75 34 74 97 73 77 93 9 21 88 29 89 69 0 59 35 34 52 40 49 53 42 82 57 6 46 14 39 44 53 4 70 53 10 5 5 69 67 63 92 76 6 60 70
80 90 38 85 12 19 94 25 81 74 92 61 61 67 2 96 56 29 91 59 0 77 49 60 82 80 12 55 88 16 11 67 95 71 85 38 80 17 1 11 69 38 22 95 52 47 15 32 75 8
24 68 93 37 71 75 62 97 73 55 60 46 76 59 14 89 57 99 69 35 77 0 27 86 28 98 3 13 62 72 29 89 14 94 34 48 87 89 34 100 51 60 73 28 74 86 93 12 21 60
74 67 4 26 50 30 45 96 79 78 83 14 14 54 50 39 15 48 43 34 49 27 0 53 79 34 2 4 57 77 83 17 98 22 31 99 74 100 50 30 18 61 65 82 52 15 33 30 17 93
23 44 42 65 35 6 2 30 82 16 30 37 22 46 31 25 10 13 77 52 60 86 53 0 8 71 8 42 80 1 74 8 94 97 19 48 34 42 56 12 83 75 40 66 87 43 87 86 23 71
97 69 78 37 12 51 8 20 33 0 54 45 43 89 80 89 23 79 46 40 82 28 79 8 0 31 15 15 42 12 30 49 80 60 64 54 97 11 84 13 7 25 44 6 50 41 47 3 57 70
18 5 71 82 75 64 72 78 49 77 98 6 58 56 23 80 15 15 70 49 80 98 34 71 31 0 11 60 3 41 67 58 46 12 0 29 29 69 40 28 58 89 12 46 7 44 22 75 38 61
98 21 94 95 95 66 5 41 43 47 44 10 36 66 92 21 65 91 32 53 12 3 2 8 15 11 0 29 14 44 0 1 32 27 87 5 93 89 73 85 89 75 85 3 36 94 60 84 3 78
53 84 20 88 59 14 76 32 28 19 76 52 25 72 97 46 28 8 8 42 55 13 4 42 15 60 29 0 44 8 15 78 96 79 85 37 2 52 10 16 22 70 2 45 18 12 89 96 60 45
100 81 34 60 1 44 31 65 89 87 10 27 29 97 24 76 94 56 38 82 88 62 57 80 42 3 14 44 0 27 23 8 66 88 68 50 42 99 92 24 57 1 96 43 61 45 15 95 65 57
22 83 70 15 4 97 66 15 93 90 19 51 67 48 28 12 38 0 75 57 16 72 77 1 12 41 44 8 27 0 71 31 60 49 24 99 69 59 38 37 93 14 17 96 14 10 51 6 55 97
73 60 54 82 26 30 30 34 96 74 46 82 11 4 60 85 24 23 24 6 11 29 83 74 30 67 0 15 23 71 0 99 77 88 49 57 94 79 69 68 10 14 82 96 85 43 35 91 64 29
37 1 25 0 21 36 7 38 37 76 84 25 57 81 77 59 2 65 68 46 67 89 17 8 49 58 1 78 8 31 99 0 21 99 30 14 3 69 83 84 18 90 95 51 93 33 6 3 89 6
17 61 80 85 81 91 72 21 76 57 39 70 10 51 36 14 54 56 45 14 95 14 98 94 80 46 32 96 66 60 77 21 0 47 55 35 73 89 91 51 56 94 31 44 20 54 10 19 48 96
52 81 12 3 84 32 72 27 30 20 69 58 60 66 22 96 68 17 1 39 71 94 22 97 60 12 27 79 88 49 88 99 47 0 35 24 58 7 20 53 32 81 47 24 27 66 69 63 42 97
14 48 31 41 64 20 97 61 22 93 67 87 17 15 60 42 33 17 5 44 85 34 31 19 64 0 87 85 68 24 49 30 55 35 0 51 37 90 38 54 10 34 3 89 66 94 37 52 36 90
75 90 12 53 77 61 70 49 62 7 95 64 96 45 67 92 11 55 62 53 38 48 99 48 54 29 5 37 50 99 57 14 35 24 51 0 88 84 51 43 94 54 49 29 7 23 7 86 31 87
69 64 68 7 22 77 92 5 30 46 58 54 62 77 20 97 61 27 30 4 80 87 74 34 97 29 93 2 42 69 94 3 73 58 37 88 0 45 7 95 31 14 58 97 9 68 3 6 14 87
33 6 35 67 29 53 53 41 77 91 39 60 74 8 22 53 50 64 58 70 17 89 100 42 11 69 89 52 99 59 79 69 89 7 90 84 45 0 58 20 72 15 85 46 36 11 94 35 72 79
91 73 92 45 49 53 67 49 26 62 63 96 18 43 21 48 26 31 77 53 1 34 50 56 84 40 73 10 92 38 69 83 91 20 38 51 7 58 0 58 23 61 92 10 36 100 27 56 65 36
29 42 94 31 100 35 51 9 99 9 77 87 75 37 44 95 22 78 66 10 11 100 30 12 13 28 85 16 24 37 68 84 51 53 54 43 95 20 58 0 4 21 53 33 68 7 89 29 57 39
39 50 92 38 14 34 34 53 29 42 40 12 85 64 56 89 22 61 27 5 69 51 18 83 7 58 89 22 57 93 10 18 56 32 10 94 31 72 23 4 0 80 64 55 89 76 19 49 17 4
34 34 9 79 41 72 50 84 28 70 83 59 37 70 4 19 88 70 75 5 38 60 61 75 25 89 75 70 1 14 14 90 94 81 34 54 14 15 61 21 80 0 82 61 17 22 30 83 25 14
88 39 41 22 65 15 31 30 97 29 75 31 53 78 55 99 3 19 32 69 22 73 65 40 44 12 85 2 96 17 82 95 31 47 3 49 58 85 92 53 64 82 0 68 72 35 42 84 42 17
94 62 43 82 1 29 46 11 36 51 45 32 90 18 84 18 23 64 71 67 95 28 82 66 6 46 3 45 43 96 96 51 44 24 89 29 97 46 10 33 55 61 68 0 70 81 57 38 88 41
10 79 49 62 77 89 69 42 45 35 72 1 79 29 87 31 66 44 87 63 52 74 52 87 50 7 36 18 61 14 85 93 20 27 66 7 9 36 36 68 89 17 72 70 0 61 47 18 9 58
26 10 92 43 64 76 19 23 88 100 53 48 50 85 16 57 19 17 27 92 47 86 15 43 41 44 94 12 45 10 43 33 54 66 94 23 68 11 100 7 76 22 35 81 61 0 69 45 80 52
54 11 76 61 17 61 13 43 46 57 49 24 91 30 34 84 62 86 1 76 15 93 33 87 47 22 60 89 15 51 35 6 10 69 37 7 3 94 27 89 19 30 42 57 47 69 0 29 88 67
5 44 63 64 54 58 30 1 49 86 42 39 17 10 86 76 30 100 79 6 32 12 30 86 3 75 84 96 95 6 91 3 19 63 52 86 6 35 56 29 49 83 84 38 18 45 29 0 43 92
25 19 9 0 58 81 6 42 94 63 99 96 60 97 44 94 36 83 76 60 75 21 17 23 57 38 3 60 65 55 64 89 48 42 36 31 14 72 65 57 17 25 42 88 9 80 88 43 0 5
26 86 25 20 18 38 49 69 5 37 31 26 50 92 80 32 73 51 44 70 8 60 93 71 70 61 78 45 57 97 29 6 96 97 90 87 87 79 36 39 4 14 17 41 58 52 67 92 5 0
RBBBBRRRBBRRBBRBRRBBRBRBBRRRRBRRRBRBBRRBBBBRRRBBBR