50
0 1 36 6 1 95 72 86 54 92 64 97 87 25 90 70 63 77 57 93 41 35 22 7 22 48 33 14 38 68 14 50 67 0 53 36 89 41 69 98 78 79 18 62 8 6 76 3 36 0
1 0 15 27 1 13 91 35 44 44 98 81 28 16 83 57 85 85 34 42 84 89 30 60 21 95 15 65 19 53 60 78 18 71 3 8 69 15 40 12 74 27 46 96 59 8 83 5 86 72
36 15 0 82 88 47 30 13 93 75 27 11 90 5 47 63 6 62 26 11 32 88 21 5 21 2 81 95 93 74 21 11 55 85 39 65 53 16 78 68 95 52 2 4 36 80 62 24 48 94
6 27 82 0 15 13 76 100 20 98 34 50 31 15 13 83 98 58 75 99 94 90 56 82 51 1 31 39 80 17 74 48 29 93 17 8 6 28 11 13 24 21 56 54 67 2 92 64 6 61
1 1 88 15 0 51 39 5 27 12 62 17 93 92 53 89 36 10 73 49 43 13 64 17 5 77 55 90 44 13 20 53 72 13 30 19 38 52 54 60 11 35 10 4 9 40 66 35 24 91
95 13 47 13 51 0 7 80 7 14 44 71 75 28 0 30 16 33 80 39 49 70 0 47 73 96 83 33 9 94 28 64 51 62 44 42 22 11 89 41 22 15 77 56 56 3 4 11 94 6
72 91 30 76 39 7 0 61 12 14 78 33 30 12 86 53 91 33 27 55 75 50 44 73 74 57 59 80 86 53 13 27 24 65 33 51 7 35 49 55 87 4 44 71 25 47 10 57 98 23
86 35 13 100 5 80 61 0 58 38 51 29 21 0 83 73 54 4 52 64 50 19 51 52 20 78 9 98 7 28 59 36 47 31 44 61 80 20 98 69 35 30 8 47 40 81 84 35 54 16
54 44 93 20 27 7 12 58 0 26 51 45 96 12 18 52 37 97 40 1 65 4 56 37 96 13 55 82 97 12 75 48 3 34 43 32 59 29 43 67 56 81 33 53 51 71 82 54 7 55
92 44 75 98 12 14 14 38 26 0 13 97 30 96 22 92 15 20 62 10 17 3 17 21 22 66 86 7 2 6 80 67 49 27 54 88 71 85 30 35 89 1 56 97 88 18 44 15 50 95
64 98 27 34 62 44 78 51 51 13 0 77 67 32 11 99 8 81 20 84 34 99 58 90 51 83 63 78 42 72 5 29 83 82 27 65 8 24 8 85 7 8 67 20 88 15 74 95 44 31
97 81 11 50 17 71 33 29 45 97 77 0 69 25 98 95 88 59 92 69 27 33 59 98 10 11 32 90 17 46 9 27 69 85 7 3 60 73 32 96 38 36 49 59 44 9 90 52 4 94
87 28 90 31 93 75 30 21 96 30 67 69 0 70 6 37 91 68 3 46 36 80 13 71 6 39 1 32 78 36 47 26 22 28 55 50 66 54 8 84 19 3 21 39 64 49 60 68 46 75
25 16 5 15 92 28 12 0 12 96 32 25 70 0 70 23 34 46 93 2 75 75 3 22 45 60 16 43 40 32 67 20 64 8 37 17 70 44 41 28 97 49 87 89 7 88 77 64 42 96
90 83 47 13 53 0 86 83 18 22 11 98 6 70 0 89 46 48 7 34 48 84 71 69 65 37 65 24 48 94 16 27 67 23 84 9 79 69 43 19 28 53 62 9 18 22 15 87 88 1
70 57 63 83 89 30 53 73 52 92 99 95 37 23 89 0 10 56 74 24 31 31 100 57 56 14 33 5 49 79 52 42 40 31 6 2 16 37 84 96 9 68 26 11 33 59 52 37 11 21
63 85 6 98 36 16 91 54 37 15 8 88 91 34 46 10 0 20 49 96 37 12 29 89 61 99 88 41 18 3 75 40 3 26 52 79 63 30 71 44 17 29 22 88 33 47 30 19 0 36
77 85 62 58 10 33 33 4 97 20 81 59 68 46 48 56 20 0 95 12 100 12 93 97 50 10 88 13 92 90 85 15 86 88 22 13 41 4 59 95 59 64 83 97 35 24 79 94 27 36
57 34 26 75 73 80 27 52 40 62 20 92 3 93 7 74 49 95 0 58 52 69 75 58 78 84 98 90 47 39 47 63 15 70 74 32 75 68 68 35 3 84 83 52 21 86 14 8 78 87
93 42 11 99 49 39 55 64 1 10 84 69 46 2 34 24 96 12 58 0 94 88 8 20 50 34 57 35 57 76 93 78 78 91 20 78 91 79 64 96 35 37 12 100 59 72 51 42 55 29
41 84 32 94 43 49 75 50 65 17 34 27 36 75 48 31 37 100 52 94 0 89 29 6 24 31 55 59 77 59 39 57 67 1 11 63 60 62 71 13 55 31 95 21 98 60 26 76 4 60
35 89 88 90 13 70 50 19 4 3 99 33 80 75 84 31 12 12 69 88 89 0 65 44 71 36 60 85 68 24 5 42 5 59 45 100 97 58 51 20 26 90 16 17 36 10 81 11 22 18
22 30 21 56 64 0 44 51 56 17 58 59 13 3 71 100 29 93 75 8 29 65 0 35 15 36 7 2 1 35 83 95 93 70 92 82 78 1 4 20 14 29 19 80 9 5 86 51 69 48
7 60 5 82 17 47 73 52 37 21 90 98 71 22 69 57 89 97 58 20 6 44 35 0 65 3 96 98 52 37 9 77 93 96 44 48 56 2 25 50 19 92 58 64 74 3 69 11 34 76
22 21 21 51 5 73 74 20 96 22 51 10 6 45 65 56 61 50 78 50 24 71 15 65 0 94 9 36 75 63 19 81 60 51 92 59 42 8 44 70 44 14 14 43 70 14 7 56 23 60
48 95 2 1 77 96 57 78 13 66 83 11 39 60 37 14 99 10 84 34 31 36 36 3 94 0 7 74 6 3 74 23 97 20 63 80 30 47 69 29 31 5 69 79 46 23 20 8 19 98
33 15 81 31 55 83 59 9 55 86 63 32 1 16 65 33 88 88 98 57 55 60 7 96 9 7 0 79 94 79 60 20 37 61 49 17 81 56 37 18 63 60 94 78 16 63 15 70 44 18
14 65 95 39 90 33 80 98 82 7 78 90 32 43 24 5 41 13 90 35 59 85 2 98 36 74 79 0 66 40 49 1 41 55 45 72 28 71 19 4 1 54 47 62 74 66 97 80 67 44
38 19 93 80 44 9 86 7 97 2 42 17 78 40 48 49 18 92 47 57 77 68 1 52 75 6 94 66 0 63 86 36 91 30 13 24 65 35 44 100 65 25 44 73 77 27 29 46 89 70
68 53 74 17 13 94 53 28 12 6 72 46 36 32 94 79 3 90 39 76 59 24 35 37 63 3 79 40 63 0 81 20 41 94 41 0 87 80 97 20 21 79 28 81 87 97 21 75 47 71
14 60 21 74 20 28 13 59 75 80 5 9 47 67 16 52 75 85 47 93 39 5 83 9 19 74 60 49 86 81 0 20 16 71 1 42 50 34 75 82 57 38 14 49 46 51 27 59 7 43
50 78 11 48 53 64 27 36 48 67 29 27 26 20 27 42 40 15 63 78 57 42 95 77 81 23 20 1 36 20 20 0 96 81 57 57 36 67 31 29 5 22 99 58 9 83 80 30 50 70
67 18 55 29 72 51 24 47 3 49 83 69 22 64 67 40 3 86 15 78 67 5 93 93 60 97 37 41 91 41 16 96 0 11 64 46 95 4 34 41 61 97 23 13 46 20 63 54 20 15
0 71 85 93 13 62 65 31 34 27 82 85 28 8 23 31 26 88 70 91 1 59 70 96 51 20 61 55 30 94 71 81 11 0 70 61 95 27 73 70 97 74 14 84 39 79 54 79 69 54
53 3 39 17 30 44 33 44 43 54 27 7 55 37 84 6 52 22 74 20 11 45 92 44 92 63 49 45 13 41 1 57 64 70 0 100 43 11 52 30 36 15 94 65 96 18 48 9 40 4
36 8 65 8 19 42 51 61 32 88 65 3 50 17 9 2 79 13 32 78 63 100 82 48 59 80 17 72 24 0 42 57 46 61 100 0 29 56 79 45 94 81 36 3 2 86 23 60 43 90
89 69 53 6 38 22 7 80 59 71 8 60 66 70 79 16 63 41 75 91 60 97 78 56 42 30 81 28 65 87 50 36 95 95 43 29 0 31 36 81 92 97 95 82 45 42 58 48 48 65
41 15 16 28 52 11 35 20 29 85 24 73 54 44 69 37 30 4 68 79 62 58 1 2 8 47 56 71 35 80 34 67 4 27 11 56 31 0 33 79 21 38 12 51 96 36 73 64 58 3
69 40 78 11 54 89 49 98 43 30 8 32 8 41 43 84 71 59 68 64 71 51 4 25 44 69 37 19 44 97 75 31 34 73 52 79 36 33 0 54 46 24 57 46 72 34 59 95 98 34
98 12 68 13 60 41 55 69 67 35 85 96 84 28 19 96 44 95 35 96 13 20 20 50 70 29 18 4 100 20 82 29 41 70 30 45 81 79 54 0 28 61 2 10 7 93 26 15 47 64
78 74 95 24 11 22 87 35 56 89 7 38 19 97 28 9 17 59 3 35 55 26 14 19 44 31 63 1 65 21 57 5 61 97 36 94 92 21 46 28 0 40 78 56 13 44 31 24 19 72
79 27 52 21 35 15 4 30 81 1 8 36 3 49 53 68 29 64 84 37 31 90 29 92 14 5 60 54 25 79 38 22 97 74 15 81 97 38 24 61 40 0 36 3 7 11 93 3 13 45
18 46 2 56 10 77 44 8 33 56 67 49 21 87 62 26 22 83 83 12 95 16 19 58 14 69 94 47 44 28 14 99 23 14 94 36 95 12 57 2 78 36 0 32 20 46 31 44 28 79
62 96 4 54 4 56 71 47 53 97 20 59 39 89 9 11 88 97 52 100 21 17 80 64 43 79 78 62 73 81 49 58 13 84 65 3 82 51 46 10 56 3 32 0 79 37 7 82 92 39
8 59 36 67 9 56 25 40 51 88 88 44 64 7 18 33 33 35 21 59 98 36 9 74 70 46 16 74 77 87 46 9 46 39 96 2 45 96 72 7 13 7 20 79 0 74 55 68 71 35
6 8 80 2 40 3 47 81 71 18 15 9 49 88 22 59 47 24 86 72 60 10 5 3 14 23 63 66 27 97 51 83 20 79 18 86 42 36 34 93 44 11 46 37 74 0 90 76 10 72
76 83 62 92 66 4 10 84 82 44 74 90 60 77 15 52 30 79 14 51 26 81 86 69 7 20 15 97 29 21 27 80 63 54 48 23 58 73 59 26 31 93 31 7 55 90 0 30 59 75
3 5 24 64 35 11 57 35 54 15 95 52 68 64 87 37 19 94 8 42 76 11 51 11 56 8 70 80 46 75 59 30 54 79 9 60 48 64 95 15 24 3 44 82 68 76 30 0 12 0
36 86 48 6 24 94 98 54 7 50 44 4 46 42 88 11 0 27 78 55 4 22 69 34 23 19 44 67 89 47 7 50 20 69 40 43 48 58 98 47 19 13 28 92 71 10 59 12 0 24
0 72 94 61 91 6 23 16 55 95 31 94 75 96 1 21 36 36 87 29 60 18 48 76 60 98 18 44 70 71 43 70 15 54 4 90 65 3 34 64 72 45 79 39 35 72 75 0 24 0
RBBBRRBBBRBBBRBRBBBBRRBRRBRBRBRRRRRBBRRBBBRBBRRRRR