50
0 68 83 4 88 40 39 76 45 10 33 40 71 30 75 67 29 60 63 81 19 20 60 61 89 84 62 12 11 40 80 59 33 99 62 27 79 13 64 6 14 69 59 69 91 86 31 12 2 72
68 0 81 94 48 67 23 33 45 44 7 6 88 41 27 67 79 24 5 63 75 72 47 44 44 37 71 77 97 76 86 21 24 61 9 14 99 8 75 24 38 43 26 5 30 98 53 22 79 43
83 81 0 28 51 58 4 83 66 63 72 94 18 46 16 16 36 9 80 36 9 71 30 54 2 44 53 35 85 26 33 92 53 36 29 2 40 8 25 10 6 32 15 40 20 45 49 78 34 2
4 94 28 0 46 100 30 18 9 95 68 31 96 49 6 36 98 38 39 53 90 5 27 42 40 81 13 53 6 68 70 31 8 83 84 42 41 72 70 28 15 50 84 26 22 64 2 55 72 68
88 48 51 46 0 73 100 94 67 59 64 34 73 43 89 85 73 46 54 77 51 20 85 96 83 8 59 6 77 24 80 35 91 78 65 12 86 32 89 88 24 2 9 53 67 43 40 87 100 48
40 67 58 100 73 0 82 57 94 38 52 22 82 88 98 14 90 51 68 64 52 77 7 61 29 59 91 62 30 7 19 0 21 13 3 52 4 93 24 66 45 29 23 4 64 61 35 32 5 67
39 23 4 30 100 82 0 80 62 16 14 78 20 22 38 100 26 63 87 32 11 95 1 54 15 6 73 8 87 49 84 63 3 33 67 9 55 19 86 22 37 3 85 81 20 20 44 36 92 86
76 33 83 18 94 57 80 0 34 88 30 91 94 89 56 100 27 13 30 26 35 12 47 24 8 39 100 96 14 2 5 93 12 85 20 20 9 79 77 35 54 52 48 5 60 27 100 28 82 85
45 45 66 9 67 94 62 34 0 4 11 1 34 20 82 50 100 37 72 93 23 55 63 84 82 23 53 92 86 41 77 50 14 97 11 4 93 86 97 39 44 88 1 51 96 48 75 49 28 1
10 44 63 95 59 38 16 88 4 0 49 31 26 74 90 41 18 43 31 36 2 85 2 50 75 19 79 36 20 1 53 75 52 12 44 19 21 55 40 97 91 6 5 54 9 28 0 29 22 70
33 7 72 68 64 52 14 30 11 49 0 28 2 9 41 59 97 10 18 6 99 73 57 45 3 95 74 14 1 31 18 74 85 9 71 34 50 42 87 30 37 70 18 96 96 49 60 95 40 30
40 6 94 31 34 22 78 91 1 31 28 0 13 99 71 19 71 2 98 51 17 79 66 54 53 60 98 59 8 96 22 1 40 77 30 6 83 27 62 72 79 4 47 100 48 34 99 34 54 43
71 88 18 96 73 82 20 94 34 26 2 13 0 22 85 19 31 94 28 7 10 37 62 94 66 45 52 38 31 33 73 55 8 78 35 54 63 50 89 1 1 7 18 98 13 25 97 23 83 90
30 41 46 49 43 88 22 89 20 74 9 99 22 0 26 82 14 7 40 96 40 81 17 22 38 7 70 30 85 70 51 51 4 53 76 10 91 82 88 37 50 87 71 11 79 29 86 16 88 36
75 27 16 6 89 98 38 56 82 90 41 71 85 26 0 56 53 63 100 44 53 75 62 82 90 66 79 5 20 99 2 85 40 19 68 32 93 49 71 82 58 85 77 10 29 4 66 4 86 29
67 67 16 36 85 14 100 100 50 41 59 19 19 82 56 0 22 68 78 5 88 68 19 89 67 44 6 67 54 94 81 6 34 47 74 86 19 99 37 92 33 35 12 90 90 41 40 25 51 74
29 79 36 98 73 90 26 27 100 18 97 71 31 14 53 22 0 62 2 55 74 21 0 96 86 62 97 8 29 3 5 95 23 82 32 55 58 12 10 2 71 49 33 92 48 78 78 100 59 74
60 24 9 38 46 51 63 13 37 43 10 2 94 7 63 68 62 0 13 17 87 73 44 51 61 86 45 68 93 8 21 64 60 10 44 8 54 2 37 26 81 55 38 52 22 78 76 55 95 70
63 5 80 39 54 68 87 30 72 31 18 98 28 40 100 78 2 13 0 64 1 24 44 14 70 2 95 32 1 84 11 50 15 93 66 49 6 30 46 33 99 13 51 1 87 65 9 20 3 41
81 63 36 53 77 64 32 26 93 36 6 51 7 96 44 5 55 17 64 0 43 32 93 33 29 92 59 0 24 37 53 68 67 80 67 9 91 98 17 90 22 22 85 82 20 93 69 42 2 19
19 75 9 90 51 52 11 35 23 2 99 17 10 40 53 88 74 87 1 43 0 22 70 65 13 100 16 70 83 100 16 46 10 6 86 12 1 49 57 20 36 76 65 18 58 30 98 12 54 59
20 72 71 5 20 77 95 12 55 85 73 79 37 81 75 68 21 73 24 32 22 0 5 76 15 98 82 58 80 22 60 83 84 31 38 68 40 90 4 70 23 93 37 54 99 96 69 67 16 28
60 47 30 27 85 7 1 47 63 2 57 66 62 17 62 19 0 44 44 93 70 5 0 22 98 29 75 43 27 13 98 20 33 98 87 28 96 67 76 39 14 89 59 0 68 54 88 73 52 33
61 44 54 42 96 61 54 24 84 50 45 54 94 22 82 89 96 51 14 33 65 76 22 0 43 0 80 9 7 43 18 55 84 17 57 35 58 82 36 77 84 35 59 63 5 12 81 57 31 31
89 44 2 40 83 29 15 8 82 75 3 53 66 38 90 67 86 61 70 29 13 15 98 43 0 40 11 18 45 31 61 78 44 16 75 56 84 44 12 6 22 28 58 78 96 82 71 43 52 2
84 37 44 81 8 59 6 39 23 19 95 60 45 7 66 44 62 86 2 92 100 98 29 0 40 0 41 53 3 78 83 42 99 77 41 79 71 89 77 6 34 47 28 10 34 35 33 80 35 54
62 71 53 13 59 91 73 100 53 79 74 98 52 70 79 6 97 45 95 59 16 82 75 80 11 41 0 2 0 23 75 11 32 41 41 37 44 10 69 33 75 95 29 53 20 86 42 60 44 30
12 77 35 53 6 62 8 96 92 36 14 59 38 30 5 67 8 68 32 0 70 58 43 9 18 53 2 0 97 49 69 100 17 81 68 13 74 56 85 60 12 45 20 47 0 22 39 63 54 41
11 97 85 6 77 30 87 14 86 20 1 8 31 85 20 54 29 93 1 24 83 80 27 7 45 3 0 97 0 77 9 91 57 43 75 94 86 65 78 71 58 96 25 12 67 38 38 10 45 46
40 76 26 68 24 7 49 2 41 1 31 96 33 70 99 94 3 8 84 37 100 22 13 43 31 78 23 49 77 0 79 15 62 93 42 30 69 69 66 46 41 69 21 39 57 70 24 93 39 50
80 86 33 70 80 19 84 5 77 53 18 22 73 51 2 81 5 21 11 53 16 60 98 18 61 83 75 69 9 79 0 21 43 7 91 83 74 4 23 94 38 80 85 27 84 65 80 43 21 20
59 21 92 31 35 0 63 93 50 75 74 1 55 51 85 6 95 64 50 68 46 83 20 55 78 42 11 100 91 15 21 0 41 74 67 69 1 40 12 52 73 51 36 25 22 20 10 66 17 59
33 24 53 8 91 21 3 12 14 52 85 40 8 4 40 34 23 60 15 67 10 84 33 84 44 99 32 17 57 62 43 41 0 16 41 27 11 14 75 17 41 83 78 71 58 13 90 64 34 92
99 61 36 83 78 13 33 85 97 12 9 77 78 53 19 47 82 10 93 80 6 31 98 17 16 77 41 81 43 93 7 74 16 0 3 54 15 44 67 89 39 4 86 9 37 28 62 76 47 18
62 9 29 84 65 3 67 20 11 44 71 30 35 76 68 74 32 44 66 67 86 38 87 57 75 41 41 68 75 42 91 67 41 3 0 58 16 99 93 95 39 12 72 27 67 6 39 8 45 44
27 14 2 42 12 52 9 20 4 19 34 6 54 10 32 86 55 8 49 9 12 68 28 35 56 79 37 13 94 30 83 69 27 54 58 0 74 66 83 26 62 0 25 53 80 7 4 41 54 78
79 99 40 41 86 4 55 9 93 21 50 83 63 91 93 19 58 54 6 91 1 40 96 58 84 71 44 74 86 69 74 1 11 15 16 74 0 25 35 77 84 100 80 56 13 17 83 86 91 90
13 8 8 72 32 93 19 79 86 55 42 27 50 82 49 99 12 2 30 98 49 90 67 82 44 89 10 56 65 69 4 40 14 44 99 66 25 0 0 71 82 2 99 49 69 61 36 66 69 73
64 75 25 70 89 24 86 77 97 40 87 62 89 88 71 37 10 37 46 17 57 4 76 36 12 77 69 85 78 66 23 12 75 67 93 83 35 0 0 0 47 85 82 68 35 88 39 95 76 40
6 24 10 28 88 66 22 35 39 97 30 72 1 37 82 92 2 26 33 90 20 70 39 77 6 6 33 60 71 46 94 52 17 89 95 26 77 71 0 0 36 11 9 10 62 90 78 97 46 26
14 38 6 15 24 45 37 54 44 91 37 79 1 50 58 33 71 81 99 22 36 23 14 84 22 34 75 12 58 41 38 73 41 39 39 62 84 82 47 36 0 72 10 49 79 7 91 82 92 6
69 43 32 50 2 29 3 52 88 6 70 4 7 87 85 35 49 55 13 22 76 93 89 35 28 47 95 45 96 69 80 51 83 4 12 0 100 2 85 11 72 0 76 27 53 67 79 17 6 98
59 26 15 84 9 23 85 48 1 5 18 47 18 71 77 12 33 38 51 85 65 37 59 59 58 28 29 20 25 21 85 36 78 86 72 25 80 99 82 9 10 76 0 80 92 94 38 60 40 69
69 5 40 26 53 4 81 5 51 54 96 100 98 11 10 90 92 52 1 82 18 54 0 63 78 10 53 47 12 39 27 25 71 9 27 53 56 49 68 10 49 27 80 0 1 40 4 10 69 43
91 30 20 22 67 64 20 60 96 9 96 48 13 79 29 90 48 22 87 20 58 99 68 5 96 34 20 0 67 57 84 22 58 37 67 80 13 69 35 62 79 53 92 1 0 86 18 6 96 11
86 98 45 64 43 61 20 27 48 28 49 34 25 29 4 41 78 78 65 93 30 96 54 12 82 35 86 22 38 70 65 20 13 28 6 7 17 61 88 90 7 67 94 40 86 0 62 79 26 71
31 53 49 2 40 35 44 100 75 0 60 99 97 86 66 40 78 76 9 69 98 69 88 81 71 33 42 39 38 24 80 10 90 62 39 4 83 36 39 78 91 79 38 4 18 62 0 6 38 94
12 22 78 55 87 32 36 28 49 29 95 34 23 16 4 25 100 55 20 42 12 67 73 57 43 80 60 63 10 93 43 66 64 76 8 41 86 66 95 97 82 17 60 10 6 79 6 0 61 9
2 79 34 72 100 5 92 82 28 22 40 54 83 88 86 51 59 95 3 2 54 16 52 31 52 35 44 54 45 39 21 17 34 47 45 54 91 69 76 46 92 6 40 69 96 26 38 61 0 63
72 43 2 68 48 67 86 85 1 70 30 43 90 36 29 74 74 70 41 19 59 28 33 31 2 54 30 41 46 50 20 59 92 18 44 78 90 73 40 26 6 98 69 43 11 71 94 9 63 0
RRBBRBRBBRRBRBRBBRRRBRRRBRBBRBRRRBBRRBRBBBBBRRRBBB