50
0 89 17 48 19 58 24 88 75 27 95 6 54 0 79 61 95 94 62 54 85 19 79 73 5 53 71 68 100 95 72 29 42 15 52 64 74 7 1 84 9 24 19 48 53 59 12 92 79 11
89 0 23 96 39 96 27 72 75 43 54 67 78 37 44 64 83 1 90 52 49 53 70 58 71 36 56 8 33 52 49 57 87 45 76 79 30 57 79 21 9 54 1 25 52 90 35 24 56 58
17 23 0 33 96 57 78 16 17 24 23 61 25 99 55 70 25 32 54 40 41 46 40 66 88 33 40 28 70 53 93 53 58 99 79 52 44 10 9 57 36 29 3 30 32 49 39 22 78 40
48 96 33 0 48 56 31 10 60 19 19 4 16 48 26 30 52 81 12 17 40 61 67 62 84 82 48 45 24 98 99 24 18 94 68 48 31 51 70 34 77 59 91 8 95 73 41 76 5 29
19 39 96 48 0 1 63 1 13 67 81 51 72 52 1 69 35 69 62 67 77 30 63 97 14 98 21 86 43 81 0 25 89 89 99 17 97 28 49 3 37 79 58 86 38 97 59 36 35 29
58 96 57 56 1 0 27 59 31 39 32 50 51 20 56 44 34 93 4 83 82 53 23 60 69 27 27 3 62 73 93 44 79 65 88 69 72 94 93 0 29 96 71 45 63 42 90 73 64 67
24 27 78 31 63 27 0 88 79 81 16 10 41 61 73 83 37 9 95 51 23 1 91 97 5 42 52 55 17 92 6 51 39 5 39 27 54 16 76 60 8 56 41 66 62 11 0 17 52 72
88 72 16 10 1 59 88 0 56 77 15 83 69 26 76 4 77 64 78 58 41 61 6 2 41 85 7 10 1 70 57 52 20 77 5 19 50 38 26 50 34 75 54 18 44 70 78 26 74 54
75 75 17 60 13 31 79 56 0 94 14 19 88 74 27 30 39 32 10 53 18 27 57 22 25 72 45 32 5 38 13 60 29 48 38 83 56 83 100 58 14 56 35 98 17 32 99 37 79 3
27 43 24 19 67 39 81 77 94 0 83 22 57 49 2 90 30 99 90 15 59 16 76 29 76 55 14 88 31 13 75 33 72 9 0 25 18 58 53 29 0 75 57 51 22 21 74 52 50 84
95 54 23 19 81 32 16 15 14 83 0 9 62 66 41 2 98 85 93 97 26 89 84 61 8 37 35 81 46 96 61 46 16 4 36 12 66 83 0 2 3 64 81 46 25 72 19 74 2 91
6 67 61 4 51 50 10 83 19 22 9 0 45 59 60 74 39 45 29 100 24 28 48 39 21 28 46 96 21 67 32 61 6 8 65 14 81 24 33 22 8 75 87 98 33 77 15 45 84 41
54 78 25 16 72 51 41 69 88 57 62 45 0 85 21 7 35 6 39 13 55 40 94 5 1 91 37 73 67 80 99 81 21 59 12 35 25 41 19 17 87 91 83 55 16 72 29 65 32 54
0 37 99 48 52 20 61 26 74 49 66 59 85 0 57 9 91 96 56 28 68 34 27 94 42 44 55 54 43 32 8 33 84 75 6 79 68 69 85 9 63 49 34 20 65 53 47 38 58 62
79 44 55 26 1 56 73 76 27 2 41 60 21 57 0 51 98 34 47 57 28 70 90 28 43 69 74 88 18 10 17 72 3 72 32 38 18 93 80 70 47 4 45 0 2 30 97 80 74 26
61 64 70 30 69 44 83 4 30 90 2 74 7 9 51 0 24 60 58 69 93 33 56 69 96 85 73 76 65 13 89 14 23 44 90 70 55 47 15 86 93 14 35 71 18 82 56 25 95 96
95 83 25 52 35 34 37 77 39 30 98 39 35 91 98 24 0 45 24 84 28 61 58 91 2 79 54 82 85 54 40 45 79 17 2 83 9 74 3 36 61 32 72 97 50 8 56 32 56 41
94 1 32 81 69 93 9 64 32 99 85 45 6 96 34 60 45 0 15 89 42 2 39 18 47 76 60 47 94 92 24 20 11 94 99 1 53 26 46 0 81 74 3 10 46 75 4 39 46 27
62 90 54 12 62 4 95 78 10 90 93 29 39 56 47 58 24 15 0 4 73 9 42 35 91 57 18 57 20 98 18 3 65 17 87 2 25 85 77 79 22 43 46 60 82 91 82 26 5 41
54 52 40 17 67 83 51 58 53 15 97 100 13 28 57 69 84 89 4 0 65 59 99 15 71 70 30 48 51 55 72 34 81 30 21 57 90 29 59 8 88 3 79 31 68 71 6 20 43 27
85 49 41 40 77 82 23 41 18 59 26 24 55 68 28 93 28 42 73 65 0 0 29 0 25 25 73 3 55 71 32 74 55 17 69 87 4 20 40 49 48 57 19 88 4 12 2 69 38 81
19 53 46 61 30 53 1 61 27 16 89 28 40 34 70 33 61 2 9 59 0 0 67 10 100 2 50 32 27 68 31 84 77 28 24 11 48 13 54 56 54 1 51 39 48 100 69 80 23 1
79 70 40 67 63 23 91 6 57 76 84 48 94 27 90 56 58 39 42 99 29 67 0 14 64 4 73 16 59 54 86 15 66 49 40 91 38 49 92 72 11 82 24 55 78 28 25 50 24 81
73 58 66 62 97 60 97 2 22 29 61 39 5 94 28 69 91 18 35 15 0 10 14 0 29 42 50 90 52 23 35 81 57 79 31 81 84 83 24 72 55 15 19 73 44 41 22 22 23 27
5 71 88 84 14 69 5 41 25 76 8 21 1 42 43 96 2 47 91 71 25 100 64 29 0 91 17 18 83 50 78 49 48 90 31 57 59 35 9 29 52 4 49 30 70 70 35 33 95 6
53 36 33 82 98 27 42 85 72 55 37 28 91 44 69 85 79 76 57 70 25 2 4 42 91 0 27 73 98 34 44 52 77 57 96 69 2 46 75 51 42 36 55 17 31 1 51 46 26 49
71 56 40 48 21 27 52 7 45 14 35 46 37 55 74 73 54 60 18 30 73 50 73 50 17 27 0 12 47 6 94 36 77 98 28 41 62 83 2 53 68 35 49 44 49 9 41 21 37 5
68 8 28 45 86 3 55 10 32 88 81 96 73 54 88 76 82 47 57 48 3 32 16 90 18 73 12 0 62 94 73 91 80 100 67 45 67 30 68 48 40 51 98 37 89 38 29 96 67 75
100 33 70 24 43 62 17 1 5 31 46 21 67 43 18 65 85 94 20 51 55 27 59 52 83 98 47 62 0 67 64 74 54 96 18 63 0 75 31 9 100 60 33 40 9 5 88 7 42 89
95 52 53 98 81 73 92 70 38 13 96 67 80 32 10 13 54 92 98 55 71 68 54 23 50 34 6 94 67 0 62 33 27 0 5 82 66 13 84 72 33 56 6 22 97 99 33 88 9 22
72 49 93 99 0 93 6 57 13 75 61 32 99 8 17 89 40 24 18 72 32 31 86 35 78 44 94 73 64 62 0 41 88 52 57 10 4 21 13 59 63 51 84 12 23 95 14 35 88 25
29 57 53 24 25 44 51 52 60 33 46 61 81 33 72 14 45 20 3 34 74 84 15 81 49 52 36 91 74 33 41 0 16 12 92 18 55 92 14 1 84 4 59 11 71 16 17 71 84 84
42 87 58 18 89 79 39 20 29 72 16 6 21 84 3 23 79 11 65 81 55 77 66 57 48 77 77 80 54 27 88 16 0 37 5 85 4 99 19 25 45 9 23 80 65 71 38 48 69 7
15 45 99 94 89 65 5 77 48 9 4 8 59 75 72 44 17 94 17 30 17 28 49 79 90 57 98 100 96 0 52 12 37 0 80 36 57 95 67 87 7 5 3 34 11 99 3 23 76 83
52 76 79 68 99 88 39 5 38 0 36 65 12 6 32 90 2 99 87 21 69 24 40 31 31 96 28 67 18 5 57 92 5 80 0 37 71 89 58 81 90 11 3 89 38 41 48 96 96 22
64 79 52 48 17 69 27 19 83 25 12 14 35 79 38 70 83 1 2 57 87 11 91 81 57 69 41 45 63 82 10 18 85 36 37 0 93 69 55 21 7 85 90 17 59 51 89 88 39 74
74 30 44 31 97 72 54 50 56 18 66 81 25 68 18 55 9 53 25 90 4 48 38 84 59 2 62 67 0 66 4 55 4 57 71 93 0 75 69 38 78 78 18 47 0 51 26 61 27 84
7 57 10 51 28 94 16 38 83 58 83 24 41 69 93 47 74 26 85 29 20 13 49 83 35 46 83 30 75 13 21 92 99 95 89 69 75 0 82 2 46 39 30 19 12 37 0 61 26 1
1 79 9 70 49 93 76 26 100 53 0 33 19 85 80 15 3 46 77 59 40 54 92 24 9 75 2 68 31 84 13 14 19 67 58 55 69 82 0 52 67 25 39 3 50 75 48 20 57 20
84 21 57 34 3 0 60 50 58 29 2 22 17 9 70 86 36 0 79 8 49 56 72 72 29 51 53 48 9 72 59 1 25 87 81 21 38 2 52 0 100 40 47 95 46 19 5 9 25 64
9 9 36 77 37 29 8 34 14 0 3 8 87 63 47 93 61 81 22 88 48 54 11 55 52 42 68 40 100 33 63 84 45 7 90 7 78 46 67 100 0 94 42 62 53 86 71 65 14 36
24 54 29 59 79 96 56 75 56 75 64 75 91 49 4 14 32 74 43 3 57 1 82 15 4 36 35 51 60 56 51 4 9 5 11 85 78 39 25 40 94 0 38 52 49 95 31 42 46 6
19 1 3 91 58 71 41 54 35 57 81 87 83 34 45 35 72 3 46 79 19 51 24 19 49 55 49 98 33 6 84 59 23 3 3 90 18 30 39 47 42 38 0 96 14 26 32 62 73 84
48 25 30 8 86 45 66 18 98 51 46 98 55 20 0 71 97 10 60 31 88 39 55 73 30 17 44 37 40 22 12 11 80 34 89 17 47 19 3 95 62 52 96 0 30 69 72 33 47 62
53 52 32 95 38 63 62 44 17 22 25 33 16 65 2 18 50 46 82 68 4 48 78 44 70 31 49 89 9 97 23 71 65 11 38 59 0 12 50 46 53 49 14 30 0 70 21 92 59 49
59 90 49 73 97 42 11 70 32 21 72 77 72 53 30 82 8 75 91 71 12 100 28 41 70 1 9 38 5 99 95 16 71 99 41 51 51 37 75 19 86 95 26 69 70 0 95 67 53 64
12 35 39 41 59 90 0 78 99 74 19 15 29 47 97 56 56 4 82 6 2 69 25 22 35 51 41 29 88 33 14 17 38 3 48 89 26 0 48 5 71 31 32 72 21 95 0 88 94 22
92 24 22 76 36 73 17 26 37 52 74 45 65 38 80 25 32 39 26 20 69 80 50 22 33 46 21 96 7 88 35 71 48 23 96 88 61 61 20 9 65 42 62 33 92 67 88 0 96 17
79 56 78 5 35 64 52 74 79 50 2 84 32 58 74 95 56 46 5 43 38 23 24 23 95 26 37 67 42 9 88 84 69 76 96 39 27 26 57 25 14 46 73 47 59 53 94 96 0 82
11 58 40 29 29 67 72 54 3 84 91 41 54 62 26 96 41 27 41 27 81 1 81 27 6 49 5 75 89 22 25 84 7 83 22 74 84 1 20 64 36 6 84 62 49 64 22 17 82 0
BBBRBBRRRBBBBBBBBBBBRRRBRBRBBBBBBBRRRRRRRRRRRRRRRR