50
0 33 67 39 64 41 26 76 22 30 33 39 73 90 87 28 44 100 90 48 19 21 36 57 16 70 55 2 69 53 30 29 27 56 4 50 94 0 3 32 46 22 44 6 37 14 11 44 18 64
33 0 52 64 38 82 23 70 76 82 88 6 87 80 61 31 21 98 57 41 51 51 79 69 78 31 28 23 37 4 23 39 79 73 12 93 44 58 93 31 0 36 94 97 1 84 18 28 54 28
67 52 0 58 76 77 24 73 59 7 84 21 75 50 73 24 71 0 67 41 39 4 27 78 45 40 31 49 52 29 29 42 57 13 40 98 68 53 21 43 81 22 79 22 18 100 46 15 90 18
39 64 58 0 67 20 17 18 98 16 48 68 1 8 33 72 5 78 12 99 81 29 42 61 14 30 76 100 49 62 22 31 11 14 65 42 59 43 81 30 29 7 59 16 67 1 9 56 26 49
64 38 76 67 0 38 34 32 75 76 65 76 100 37 72 65 47 31 57 10 71 41 57 29 54 7 36 12 99 12 90 80 99 58 62 70 25 96 25 10 79 74 71 3 92 85 5 1 25 89
41 82 77 20 38 0 60 1 74 39 14 91 88 19 97 23 53 19 68 40 52 66 61 50 82 66 7 69 5 78 100 52 80 35 75 44 54 11 14 48 64 96 19 79 64 66 61 37 88 13
26 23 24 17 34 60 0 78 61 82 34 52 29 22 64 52 74 10 40 34 94 31 41 59 12 8 4 51 67 94 47 19 88 47 13 9 82 14 49 2 35 32 29 0 67 88 9 77 94 20
76 70 73 18 32 1 78 0 8 100 73 97 87 49 81 68 49 84 52 93 77 19 55 41 41 100 42 50 85 73 97 28 66 76 87 3 27 55 24 60 63 9 20 31 75 15 76 13 9 42
22 76 59 98 75 74 61 8 0 72 19 27 11 65 46 92 14 54 86 98 44 37 91 73 25 14 31 77 84 62 67 19 40 90 22 81 43 100 52 52 86 32 42 16 11 98 55 78 65 39
30 82 7 16 76 39 82 100 72 0 38 73 1 83 83 23 24 63 89 72 92 62 63 26 28 83 0 64 45 3 5 64 88 73 61 57 39 62 73 62 54 93 19 52 52 42 72 87 24 91
33 88 84 48 65 14 34 73 19 38 0 33 45 10 87 6 15 47 52 72 78 72 8 1 3 33 82 4 1 71 81 79 62 52 21 56 80 95 10 82 77 88 91 10 3 20 26 74 43 70
39 6 21 68 76 91 52 97 27 73 33 0 95 7 64 22 86 22 52 84 78 49 60 67 33 54 47 97 30 25 30 100 95 59 10 10 44 25 19 21 78 22 83 16 98 8 87 7 44 65
73 87 75 1 100 88 29 87 11 1 45 95 0 39 86 42 46 56 73 3 3 57 7 1 94 94 73 82 43 28 79 14 95 26 27 69 43 83 76 6 52 25 82 34 25 69 8 99 48 70
90 80 50 8 37 19 22 49 65 83 10 7 39 0 19 75 17 6 13 82 34 22 23 5 60 58 51 47 54 82 27 20 99 13 38 34 26 81 99 56 0 39 37 33 11 64 88 77 3 30
87 61 73 33 72 97 64 81 46 83 87 64 86 19 0 30 92 8 28 54 25 12 10 72 33 55 77 42 49 73 39 79 1 30 15 22 28 53 62 26 85 12 48 10 45 48 19 35 32 7
28 31 24 72 65 23 52 68 92 23 6 22 42 75 30 0 3 43 35 71 76 57 98 76 95 75 24 72 43 64 46 56 22 61 0 32 100 0 81 73 4 34 63 0 6 76 94 31 14 93
44 21 71 5 47 53 74 49 14 24 15 86 46 17 92 3 0 59 60 87 22 62 7 85 38 34 25 82 10 97 92 52 75 77 74 62 1 27 44 43 7 55 69 56 33 72 62 95 32 15
100 98 0 78 31 19 10 84 54 63 47 22 56 6 8 43 59 0 19 24 69 81 85 69 84 86 23 31 27 97 36 36 42 28 92 75 90 51 67 79 1 97 48 36 26 32 64 81 73 11
90 57 67 12 57 68 40 52 86 89 52 52 73 13 28 35 60 19 0 16 75 47 93 64 88 66 72 45 100 36 88 73 9 36 80 86 66 61 44 36 17 0 76 73 85 23 39 48 98 72
48 41 41 99 10 40 34 93 98 72 72 84 3 82 54 71 87 24 16 0 54 12 22 2 41 54 5 38 40 69 23 11 74 75 42 63 1 13 88 88 88 65 22 61 92 58 60 21 92 70
19 51 39 81 71 52 94 77 44 92 78 78 3 34 25 76 22 69 75 54 0 0 56 71 56 11 72 96 56 32 89 16 81 60 29 85 93 68 25 57 78 70 16 38 62 66 33 61 88 32
21 51 4 29 41 66 31 19 37 62 72 49 57 22 12 57 62 81 47 12 0 0 38 5 28 10 15 60 38 75 79 49 81 32 51 96 66 23 31 47 92 95 59 7 1 39 51 17 37 0
36 79 27 42 57 61 41 55 91 63 8 60 7 23 10 98 7 85 93 22 56 38 0 63 97 42 93 33 87 72 39 52 41 95 46 43 43 44 13 6 47 68 15 61 90 20 70 61 35 67
57 69 78 61 29 50 59 41 73 26 1 67 1 5 72 76 85 69 64 2 71 5 63 0 96 33 89 71 15 49 8 34 36 18 43 27 56 72 19 75 45 49 89 19 72 94 91 98 3 90
16 78 45 14 54 82 12 41 25 28 3 33 94 60 33 95 38 84 88 41 56 28 97 96 0 46 30 39 44 42 8 33 2 71 89 74 78 69 49 47 32 87 87 66 57 66 45 19 57 7
70 31 40 30 7 66 8 100 14 83 33 54 94 58 55 75 34 86 66 54 11 10 42 33 46 0 50 49 56 26 58 96 69 14 18 66 86 76 7 22 89 45 88 16 38 68 91 6 88 48
55 28 31 76 36 7 4 42 31 0 82 47 73 51 77 24 25 23 72 5 72 15 93 89 30 50 0 67 39 91 37 74 24 78 86 52 83 89 95 40 74 23 5 43 94 38 52 62 76 43
2 23 49 100 12 69 51 50 77 64 4 97 82 47 42 72 82 31 45 38 96 60 33 71 39 49 67 0 65 14 2 79 38 22 73 92 3 54 93 88 61 7 81 74 37 92 6 36 36 17
69 37 52 49 99 5 67 85 84 45 1 30 43 54 49 43 10 27 100 40 56 38 87 15 44 56 39 65 0 63 76 0 71 34 82 61 1 54 88 65 17 7 90 2 6 65 13 35 50 77
53 4 29 62 12 78 94 73 62 3 71 25 28 82 73 64 97 97 36 69 32 75 72 49 42 26 91 14 63 0 6 27 5 1 61 67 8 43 17 52 18 41 83 20 98 50 79 13 63 76
30 23 29 22 90 100 47 97 67 5 81 30 79 27 39 46 92 36 88 23 89 79 39 8 8 58 37 2 76 6 0 60 20 89 19 87 65 96 87 70 53 45 81 90 49 100 74 46 85 31
29 39 42 31 80 52 19 28 19 64 79 100 14 20 79 56 52 36 73 11 16 49 52 34 33 96 74 79 0 27 60 0 50 18 89 49 52 41 97 80 72 66 3 1 23 29 99 30 92 1
27 79 57 11 99 80 88 66 40 88 62 95 95 99 1 22 75 42 9 74 81 81 41 36 2 69 24 38 71 5 20 50 0 94 86 34 20 41 28 29 78 56 2 1 89 46 65 50 22 14
56 73 13 14 58 35 47 76 90 73 52 59 26 13 30 61 77 28 36 75 60 32 95 18 71 14 78 22 34 1 89 18 94 0 10 15 23 3 42 35 81 4 95 53 7 7 10 73 88 81
4 12 40 65 62 75 13 87 22 61 21 10 27 38 15 0 74 92 80 42 29 51 46 43 89 18 86 73 82 61 19 89 86 10 0 55 100 76 61 40 38 54 89 93 80 19 35 94 25 64
50 93 98 42 70 44 9 3 81 57 56 10 69 34 22 32 62 75 86 63 85 96 43 27 74 66 52 92 61 67 87 49 34 15 55 0 63 96 16 73 82 24 97 3 13 4 77 5 54 57
94 44 68 59 25 54 82 27 43 39 80 44 43 26 28 100 1 90 66 1 93 66 43 56 78 86 83 3 1 8 65 52 20 23 100 63 0 35 86 35 97 69 48 76 81 67 3 25 78 28
0 58 53 43 96 11 14 55 100 62 95 25 83 81 53 0 27 51 61 13 68 23 44 72 69 76 89 54 54 43 96 41 41 3 76 96 35 0 17 71 0 14 72 17 81 56 30 79 65 53
3 93 21 81 25 14 49 24 52 73 10 19 76 99 62 81 44 67 44 88 25 31 13 19 49 7 95 93 88 17 87 97 28 42 61 16 86 17 0 41 34 87 39 32 77 47 5 97 86 98
32 31 43 30 10 48 2 60 52 62 82 21 6 56 26 73 43 79 36 88 57 47 6 75 47 22 40 88 65 52 70 80 29 35 40 73 35 71 41 0 40 79 35 47 92 24 34 90 12 24
46 0 81 29 79 64 35 63 86 54 77 78 52 0 85 4 7 1 17 88 78 92 47 45 32 89 74 61 17 18 53 72 78 81 38 82 97 0 34 40 0 37 49 40 41 26 85 1 68 79
22 36 22 7 74 96 32 9 32 93 88 22 25 39 12 34 55 97 0 65 70 95 68 49 87 45 23 7 7 41 45 66 56 4 54 24 69 14 87 79 37 0 34 61 86 45 75 73 98 96
44 94 79 59 71 19 29 20 42 19 91 83 82 37 48 63 69 48 76 22 16 59 15 89 87 88 5 81 90 83 81 3 2 95 89 97 48 72 39 35 49 34 0 45 12 27 47 28 61 4
6 97 22 16 3 79 0 31 16 52 10 16 34 33 10 0 56 36 73 61 38 7 61 19 66 16 43 74 2 20 90 1 1 53 93 3 76 17 32 47 40 61 45 0 55 34 92 20 42 53
37 1 18 67 92 64 67 75 11 52 3 98 25 11 45 6 33 26 85 92 62 1 90 72 57 38 94 37 6 98 49 23 89 7 80 13 81 81 77 92 41 86 12 55 0 39 59 27 17 22
14 84 100 1 85 66 88 15 98 42 20 8 69 64 48 76 72 32 23 58 66 39 20 94 66 68 38 92 65 50 100 29 46 7 19 4 67 56 47 24 26 45 27 34 39 0 90 12 20 75
11 18 46 9 5 61 9 76 55 72 26 87 8 88 19 94 62 64 39 60 33 51 70 91 45 91 52 6 13 79 74 99 65 10 35 77 3 30 5 34 85 75 47 92 59 90 0 47 8 4
44 28 15 56 1 37 77 13 78 87 74 7 99 77 35 31 95 81 48 21 61 17 61 98 19 6 62 36 35 13 46 30 50 73 94 5 25 79 97 90 1 73 28 20 27 12 47 0 46 25
18 54 90 26 25 88 94 9 65 24 43 44 48 3 32 14 32 73 98 92 88 37 35 3 57 88 76 36 50 63 85 92 22 88 25 54 78 65 86 12 68 98 61 42 17 20 8 46 0 79
64 28 18 49 89 13 20 42 39 91 70 65 70 30 7 93 15 11 72 70 32 0 67 90 7 48 43 17 77 76 31 1 14 81 64 57 28 53 98 24 79 96 4 53 22 75 4 25 79 0
RRRRRRBRRBRBBRBRBBRRBRRBRRRRBBRRBBRBRRRBBBBBBBBBBB