50
0 26 10 86 49 34 96 1 53 79 65 98 30 86 57 88 93 62 72 44 53 48 22 40 80 68 92 86 28 8 11 62 4 34 35 38 29 26 36 81 63 44 62 43 83 58 4 84 21 18
26 0 7 46 55 46 3 12 50 62 54 4 77 50 24 48 98 51 8 12 1 57 80 16 45 84 8 40 4 11 79 73 36 32 70 52 24 61 65 39 54 33 43 48 24 14 50 78 71 0
10 7 0 33 92 48 74 69 49 2 34 42 33 85 22 82 13 63 48 14 39 78 32 4 64 1 40 7 51 25 86 52 61 21 61 51 31 66 76 3 73 23 42 8 76 79 24 89 18 69
86 46 33 0 9 99 27 1 59 23 79 75 97 93 12 41 84 33 57 34 30 98 64 50 33 80 40 15 13 55 18 37 33 34 57 0 79 80 5 43 79 16 64 46 59 30 82 96 16 39
49 55 92 9 0 46 10 50 70 84 81 60 58 95 62 35 61 6 30 80 58 62 78 6 36 57 23 11 2 52 10 24 18 92 30 27 37 5 89 34 43 28 27 10 47 45 61 79 85 97
34 46 48 99 46 0 43 74 90 59 93 79 65 19 85 16 62 64 67 79 31 79 24 32 13 30 18 71 59 38 92 47 94 94 71 22 4 76 38 90 40 37 71 8 11 32 46 35 44 74
96 3 74 27 10 43 0 46 96 30 75 36 63 93 72 59 70 96 2 76 96 21 89 46 53 43 14 26 88 10 45 6 19 28 1 84 50 68 71 81 96 94 77 47 79 99 10 76 52 31
1 12 69 1 50 74 46 0 78 65 40 9 34 96 75 1 50 71 88 72 81 97 64 90 80 30 47 9 8 11 26 38 44 61 80 13 5 37 14 89 22 82 38 52 17 56 55 26 0 99
53 50 49 59 70 90 96 78 0 86 75 77 93 5 40 29 72 10 58 31 11 95 5 17 50 18 58 58 43 21 61 64 67 30 37 21 26 23 30 5 89 86 70 60 60 33 54 59 28 6
79 62 2 23 84 59 30 65 86 0 46 90 87 23 5 68 84 21 42 86 73 25 82 74 78 46 77 30 79 57 13 46 46 70 20 74 81 84 66 73 67 48 12 6 1 39 45 96 82 35
65 54 34 79 81 93 75 40 75 46 0 100 3 66 1 34 60 16 68 2 51 47 11 94 82 57 53 70 35 47 94 64 80 7 34 45 48 91 19 62 32 4 7 22 19 5 88 19 63 33
98 4 42 75 60 79 36 9 77 90 100 0 67 14 61 68 95 51 8 94 99 23 51 1 56 57 94 33 28 10 17 74 35 13 71 57 48 45 80 39 73 63 61 76 44 37 13 88 57 11
30 77 33 97 58 65 63 34 93 87 3 67 0 32 0 20 85 16 86 84 11 99 90 17 20 41 25 28 45 24 98 89 3 19 81 89 32 67 64 42 96 61 53 77 65 43 64 81 87 10
86 50 85 93 95 19 93 96 5 23 66 14 32 0 16 82 82 66 50 70 22 23 85 37 95 29 54 68 81 82 59 0 53 88 76 50 34 47 6 43 35 35 55 17 36 51 55 76 24 73
57 24 22 12 62 85 72 75 40 5 1 61 0 16 0 19 91 64 54 36 74 17 32 12 63 87 57 40 13 0 29 17 21 77 11 48 47 86 71 46 94 99 44 88 0 59 92 77 43 14
88 48 82 41 35 16 59 1 29 68 34 68 20 82 19 0 59 95 54 60 36 89 79 100 27 95 79 57 23 16 56 19 29 92 96 10 96 91 85 55 33 73 39 10 13 87 65 65 51 70
93 98 13 84 61 62 70 50 72 84 60 95 85 82 91 59 0 25 26 87 89 64 34 24 90 1 68 9 24 10 64 67 43 64 70 46 46 99 53 38 98 11 36 78 24 76 33 32 55 86
62 51 63 33 6 64 96 71 10 21 16 51 16 66 64 95 25 0 28 66 82 41 8 40 2 80 52 77 12 11 67 10 33 88 15 42 19 95 61 84 24 83 75 36 79 59 29 55 74 58
72 8 48 57 30 67 2 88 58 42 68 8 86 50 54 54 26 28 0 44 66 49 0 100 34 25 93 3 99 71 81 100 81 31 60 26 50 35 32 24 94 45 37 45 53 27 40 0 45 82
44 12 14 34 80 79 76 72 31 86 2 94 84 70 36 60 87 66 44 0 87 63 29 33 67 18 20 8 13 39 98 38 53 2 40 82 2 36 64 44 48 43 16 4 65 70 90 74 11 30
53 1 39 30 58 31 96 81 11 73 51 99 11 22 74 36 89 82 66 87 0 25 2 67 77 92 28 32 17 67 9 8 77 87 22 34 36 70 90 32 85 12 94 83 59 52 29 57 12 18
48 57 78 98 62 79 21 97 95 25 47 23 99 23 17 89 64 41 49 63 25 0 94 26 78 96 16 96 53 93 42 19 46 40 47 48 41 27 77 40 84 91 18 40 24 18 68 41 66 58
22 80 32 64 78 24 89 64 5 82 11 51 90 85 32 79 34 8 0 29 2 94 0 25 33 12 24 96 12 95 83 51 85 97 46 31 9 70 36 69 72 39 7 95 22 11 81 95 20 18
40 16 4 50 6 32 46 90 17 74 94 1 17 37 12 100 24 40 100 33 67 26 25 0 59 9 43 90 80 73 70 91 43 0 48 62 10 30 65 63 79 72 74 75 85 67 100 56 31 43
80 45 64 33 36 13 53 80 50 78 82 56 20 95 63 27 90 2 34 67 77 78 33 59 0 55 42 5 4 89 71 11 89 54 33 8 36 68 29 26 36 56 67 63 53 74 60 82 87 77
68 84 1 80 57 30 43 30 18 46 57 57 41 29 87 95 1 80 25 18 92 96 12 9 55 0 23 1 19 4 90 18 12 9 61 68 42 59 40 69 44 2 81 25 55 26 65 81 89 42
92 8 40 40 23 18 14 47 58 77 53 94 25 54 57 79 68 52 93 20 28 16 24 43 42 23 0 81 12 22 35 62 0 49 38 89 14 13 85 87 28 55 23 35 62 21 55 66 32 64
86 40 7 15 11 71 26 9 58 30 70 33 28 68 40 57 9 77 3 8 32 96 96 90 5 1 81 0 38 91 33 20 86 17 62 72 40 58 11 95 20 84 91 73 53 66 82 87 0 19
28 4 51 13 2 59 88 8 43 79 35 28 45 81 13 23 24 12 99 13 17 53 12 80 4 19 12 38 0 17 52 74 50 22 88 70 87 6 98 84 68 16 57 91 52 26 97 13 38 68
8 11 25 55 52 38 10 11 21 57 47 10 24 82 0 16 10 11 71 39 67 93 95 73 89 4 22 91 17 0 100 67 8 36 23 24 69 3 19 96 19 63 41 43 49 84 38 88 54 31
11 79 86 18 10 92 45 26 61 13 94 17 98 59 29 56 64 67 81 98 9 42 83 70 71 90 35 33 52 100 0 7 82 77 72 65 16 6 45 31 37 95 14 91 62 8 61 27 85 12
62 73 52 37 24 47 6 38 64 46 64 74 89 0 17 19 67 10 100 38 8 19 51 91 11 18 62 20 74 67 7 0 46 24 31 83 1 90 13 6 31 30 46 18 36 23 36 48 14 94
4 36 61 33 18 94 19 44 67 46 80 35 3 53 21 29 43 33 81 53 77 46 85 43 89 12 0 86 50 8 82 46 0 39 41 70 56 9 17 78 93 57 50 57 40 25 19 88 44 4
34 32 21 34 92 94 28 61 30 70 7 13 19 88 77 92 64 88 31 2 87 40 97 0 54 9 49 17 22 36 77 24 39 0 51 100 53 50 12 18 12 87 42 40 100 17 23 10 51 74
35 70 61 57 30 71 1 80 37 20 34 71 81 76 11 96 70 15 60 40 22 47 46 48 33 61 38 62 88 23 72 31 41 51 0 44 93 89 28 7 72 42 79 75 41 20 57 65 37 15
38 52 51 0 27 22 84 13 21 74 45 57 89 50 48 10 46 42 26 82 34 48 31 62 8 68 89 72 70 24 65 83 70 100 44 0 46 35 64 88 46 4 98 69 66 16 24 100 88 70
29 24 31 79 37 4 50 5 26 81 48 48 32 34 47 96 46 19 50 2 36 41 9 10 36 42 14 40 87 69 16 1 56 53 93 46 0 81 45 71 11 56 71 43 15 68 65 33 50 61
26 61 66 80 5 76 68 37 23 84 91 45 67 47 86 91 99 95 35 36 70 27 70 30 68 59 13 58 6 3 6 90 9 50 89 35 81 0 92 97 27 74 64 10 77 96 82 98 60 84
36 65 76 5 89 38 71 14 30 66 19 80 64 6 71 85 53 61 32 64 90 77 36 65 29 40 85 11 98 19 45 13 17 12 28 64 45 92 0 46 5 70 28 87 9 27 8 73 54 69
81 39 3 43 34 90 81 89 5 73 62 39 42 43 46 55 38 84 24 44 32 40 69 63 26 69 87 95 84 96 31 6 78 18 7 88 71 97 46 0 28 83 57 67 83 47 19 95 82 3
63 54 73 79 43 40 96 22 89 67 32 73 96 35 94 33 98 24 94 48 85 84 72 79 36 44 28 20 68 19 37 31 93 12 72 46 11 27 5 28 0 25 64 0 10 16 27 15 61 37
44 33 23 16 28 37 94 82 86 48 4 63 61 35 99 73 11 83 45 43 12 91 39 72 56 2 55 84 16 63 95 30 57 87 42 4 56 74 70 83 25 0 77 71 66 32 50 20 32 28
62 43 42 64 27 71 77 38 70 12 7 61 53 55 44 39 36 75 37 16 94 18 7 74 67 81 23 91 57 41 14 46 50 42 79 98 71 64 28 57 64 77 0 15 66 17 41 50 39 71
43 48 8 46 10 8 47 52 60 6 22 76 77 17 88 10 78 36 45 4 83 40 95 75 63 25 35 73 91 43 91 18 57 40 75 69 43 10 87 67 0 71 15 0 1 1 55 18 55 87
83 24 76 59 47 11 79 17 60 1 19 44 65 36 0 13 24 79 53 65 59 24 22 85 53 55 62 53 52 49 62 36 40 100 41 66 15 77 9 83 10 66 66 1 0 77 22 3 97 26
58 14 79 30 45 32 99 56 33 39 5 37 43 51 59 87 76 59 27 70 52 18 11 67 74 26 21 66 26 84 8 23 25 17 20 16 68 96 27 47 16 32 17 1 77 0 89 72 34 8
4 50 24 82 61 46 10 55 54 45 88 13 64 55 92 65 33 29 40 90 29 68 81 100 60 65 55 82 97 38 61 36 19 23 57 24 65 82 8 19 27 50 41 55 22 89 0 13 17 1
84 78 89 96 79 35 76 26 59 96 19 88 81 76 77 65 32 55 0 74 57 41 95 56 82 81 66 87 13 88 27 48 88 10 65 100 33 98 73 95 15 20 50 18 3 72 13 0 81 6
21 71 18 16 85 44 52 0 28 82 63 57 87 24 43 51 55 74 45 11 12 66 20 31 87 89 32 0 38 54 85 14 44 51 37 88 50 60 54 82 61 32 39 55 97 34 17 81 0 99
18 0 69 39 97 74 31 99 6 35 33 11 10 73 14 70 86 58 82 30 18 58 18 43 77 42 64 19 68 31 12 94 4 74 15 70 61 84 69 3 37 28 71 87 26 8 1 6 99 0
BBBRBBBBRRRBRBRBRBBRRBBBRRBBRRBBRRBRBBRRBBRRRRBRRR