50
0 50 67 22 2 91 93 85 38 64 95 29 3 46 80 30 92 81 9 63 39 54 25 24 74 4 7 66 93 80 27 36 13 59 32 19 15 52 31 65 23 21 21 1 78 86 23 61 17 63
50 0 48 8 16 1 70 74 72 32 82 72 50 55 36 29 38 87 2 89 53 62 15 86 32 74 58 37 57 10 29 47 10 8 16 49 5 85 64 37 38 92 28 97 98 65 24 83 20 26
67 48 0 67 75 95 97 42 34 66 28 46 79 25 27 27 90 59 77 25 95 71 60 3 62 40 27 81 75 68 56 70 96 94 81 25 58 83 39 51 49 11 97 29 10 45 57 99 49 73
22 8 67 0 35 87 61 65 5 52 47 62 18 5 60 84 23 97 92 51 70 22 71 58 20 27 66 79 35 54 54 42 71 4 39 8 68 43 71 35 89 36 49 50 33 6 77 11 83 5
2 16 75 35 0 9 95 49 30 71 14 78 18 8 43 19 18 23 22 97 52 25 28 97 90 4 48 63 14 40 97 68 59 83 86 13 19 29 12 4 61 86 6 55 86 69 10 23 72 67
91 1 95 87 9 0 39 11 25 19 2 100 97 79 1 73 58 75 80 17 18 38 6 49 34 35 89 16 81 57 19 62 39 64 47 9 72 83 78 34 74 84 53 28 29 20 64 99 19 31
93 70 97 61 95 39 0 90 74 40 64 50 87 84 94 32 63 1 41 70 94 33 47 51 79 67 52 16 16 4 28 38 57 56 20 34 17 29 69 94 85 58 47 82 66 89 85 29 96 75
85 74 42 65 49 11 90 0 98 32 92 55 42 11 0 89 14 78 13 24 69 66 81 38 77 46 11 41 6 94 92 38 81 19 38 14 68 88 9 61 20 47 32 25 11 36 97 65 48 75
38 72 34 5 30 25 74 98 0 57 34 4 29 72 58 86 27 46 63 54 72 72 26 37 20 29 54 66 9 72 40 32 1 32 30 72 47 97 67 26 92 7 42 55 44 78 6 69 85 57
64 32 66 52 71 19 40 32 57 0 60 78 8 38 5 11 64 64 17 6 0 8 71 35 55 31 66 47 11 94 27 57 95 34 96 39 21 29 76 62 99 3 56 97 83 73 38 42 24 88
95 82 28 47 14 2 64 92 34 60 0 86 85 21 73 59 44 80 4 14 46 41 74 49 54 90 96 14 88 85 39 60 63 9 2 54 79 85 26 47 42 90 41 81 40 91 43 1 60 88
29 72 46 62 78 100 50 55 4 78 86 0 38 65 28 19 17 92 13 63 3 98 91 37 97 74 3 31 8 8 29 61 68 65 33 24 2 84 82 93 27 42 35 15 32 29 62 66 8 32
3 50 79 18 18 97 87 42 29 8 85 38 0 39 39 41 99 5 68 98 7 22 81 25 91 99 53 81 17 6 36 21 40 75 83 95 74 53 11 58 19 31 16 58 8 80 7 43 60 82
46 55 25 5 8 79 84 11 72 38 21 65 39 0 45 27 41 58 19 51 48 8 93 20 57 93 100 7 15 67 27 19 70 90 79 0 70 53 42 28 87 77 65 83 70 32 78 98 12 59
80 36 27 60 43 1 94 0 58 5 73 28 39 45 0 84 38 38 70 55 89 29 82 28 19 9 32 65 33 72 100 2 36 6 84 100 39 51 97 49 50 25 48 32 88 49 21 80 37 19
30 29 27 84 19 73 32 89 86 11 59 19 41 27 84 0 96 98 83 64 39 46 0 42 93 21 54 37 54 68 74 57 56 6 62 42 2 71 18 12 39 28 88 72 99 57 41 75 97 25
92 38 90 23 18 58 63 14 27 64 44 17 99 41 38 96 0 53 86 53 54 50 95 54 47 25 5 8 80 35 75 53 15 49 71 60 64 71 66 18 51 25 43 63 26 20 25 84 13 33
81 87 59 97 23 75 1 78 46 64 80 92 5 58 38 98 53 0 4 56 73 4 79 6 49 40 74 80 46 92 63 87 43 13 7 10 82 98 57 81 19 36 51 22 29 96 40 92 77 61
9 2 77 92 22 80 41 13 63 17 4 13 68 19 70 83 86 4 0 61 72 96 48 32 24 91 7 66 48 30 92 96 0 14 97 98 43 96 39 84 81 57 82 84 1 67 96 83 36 18
63 89 25 51 97 17 70 24 54 6 14 63 98 51 55 64 53 56 61 0 73 64 11 55 77 49 36 97 87 95 48 1 69 92 31 46 38 19 35 22 41 8 78 25 57 62 57 84 52 48
39 53 95 70 52 18 94 69 72 0 46 3 7 48 89 39 54 73 72 73 0 5 74 18 12 82 29 48 26 45 1 65 65 28 30 7 81 2 90 47 55 28 85 70 90 70 38 73 90 95
54 62 71 22 25 38 33 66 72 8 41 98 22 8 29 46 50 4 96 64 5 0 75 29 70 28 42 96 35 63 61 46 25 80 83 14 69 17 18 69 0 29 1 76 78 46 36 42 19 48
25 15 60 71 28 6 47 81 26 71 74 91 81 93 82 0 95 79 48 11 74 75 0 97 68 69 31 94 37 57 81 20 72 14 31 85 29 75 75 50 89 44 82 32 22 37 19 89 86 13
24 86 3 58 97 49 51 38 37 35 49 37 25 20 28 42 54 6 32 55 18 29 97 0 64 34 67 39 44 91 72 43 36 33 30 41 64 23 32 20 76 13 91 87 17 80 61 52 9 84
74 32 62 20 90 34 79 77 20 55 54 97 91 57 19 93 47 49 24 77 12 70 68 64 0 83 15 22 8 59 75 28 33 59 23 25 76 85 0 81 22 99 16 88 35 45 70 53 56 97
4 74 40 27 4 35 67 46 29 31 90 74 99 93 9 21 25 40 91 49 82 28 69 34 83 0 85 16 76 58 17 60 4 81 62 22 88 55 3 10 72 47 67 4 57 78 39 72 56 53
7 58 27 66 48 89 52 11 54 66 96 3 53 100 32 54 5 74 7 36 29 42 31 67 15 85 0 31 25 60 58 81 12 63 15 29 65 3 46 84 46 49 46 29 91 62 81 1 94 100
66 37 81 79 63 16 16 41 66 47 14 31 81 7 65 37 8 80 66 97 48 96 94 39 22 16 31 0 36 66 35 68 92 67 100 50 70 25 74 65 5 47 64 40 46 1 56 87 45 90
93 57 75 35 14 81 16 6 9 11 88 8 17 15 33 54 80 46 48 87 26 35 37 44 8 76 25 36 0 24 70 80 55 61 0 49 46 23 84 59 23 67 84 4 95 20 96 24 24 50
80 10 68 54 40 57 4 94 72 94 85 8 6 67 72 68 35 92 30 95 45 63 57 91 59 58 60 66 24 0 45 65 39 53 98 33 43 56 65 99 22 46 41 91 83 77 33 25 23 30
27 29 56 54 97 19 28 92 40 27 39 29 36 27 100 74 75 63 92 48 1 61 81 72 75 17 58 35 70 45 0 14 35 48 18 98 5 45 86 94 95 81 55 61 5 96 49 83 45 45
36 47 70 42 68 62 38 38 32 57 60 61 21 19 2 57 53 87 96 1 65 46 20 43 28 60 81 68 80 65 14 0 54 79 97 0 14 4 80 48 3 30 6 94 9 30 41 33 19 85
13 10 96 71 59 39 57 81 1 95 63 68 40 70 36 56 15 43 0 69 65 25 72 36 33 4 12 92 55 39 35 54 0 64 64 76 24 44 33 79 75 75 23 66 2 62 43 69 73 44
59 8 94 4 83 64 56 19 32 34 9 65 75 90 6 6 49 13 14 92 28 80 14 33 59 81 63 67 61 53 48 79 64 0 16 11 42 61 81 64 35 6 11 41 36 23 0 74 26 28
32 16 81 39 86 47 20 38 30 96 2 33 83 79 84 62 71 7 97 31 30 83 31 30 23 62 15 100 0 98 18 97 64 16 0 39 34 1 54 29 39 87 19 62 14 93 72 20 42 10
19 49 25 8 13 9 34 14 72 39 54 24 95 0 100 42 60 10 98 46 7 14 85 41 25 22 29 50 49 33 98 0 76 11 39 0 64 52 32 97 27 18 40 20 76 5 82 5 46 30
15 5 58 68 19 72 17 68 47 21 79 2 74 70 39 2 64 82 43 38 81 69 29 64 76 88 65 70 46 43 5 14 24 42 34 64 0 1 40 58 27 12 68 73 65 46 27 50 29 95
52 85 83 43 29 83 29 88 97 29 85 84 53 53 51 71 71 98 96 19 2 17 75 23 85 55 3 25 23 56 45 4 44 61 1 52 1 0 58 33 71 27 56 14 96 77 29 94 73 46
31 64 39 71 12 78 69 9 67 76 26 82 11 42 97 18 66 57 39 35 90 18 75 32 0 3 46 74 84 65 86 80 33 81 54 32 40 58 0 57 25 54 17 61 9 88 60 70 6 6
65 37 51 35 4 34 94 61 26 62 47 93 58 28 49 12 18 81 84 22 47 69 50 20 81 10 84 65 59 99 94 48 79 64 29 97 58 33 57 0 29 64 19 87 44 64 100 35 12 65
23 38 49 89 61 74 85 20 92 99 42 27 19 87 50 39 51 19 81 41 55 0 89 76 22 72 46 5 23 22 95 3 75 35 39 27 27 71 25 29 0 69 75 93 98 98 70 96 47 43
21 92 11 36 86 84 58 47 7 3 90 42 31 77 25 28 25 36 57 8 28 29 44 13 99 47 49 47 67 46 81 30 75 6 87 18 12 27 54 64 69 0 78 82 52 81 76 80 66 43
21 28 97 49 6 53 47 32 42 56 41 35 16 65 48 88 43 51 82 78 85 1 82 91 16 67 46 64 84 41 55 6 23 11 19 40 68 56 17 19 75 78 0 51 6 58 76 55 99 26
1 97 29 50 55 28 82 25 55 97 81 15 58 83 32 72 63 22 84 25 70 76 32 87 88 4 29 40 4 91 61 94 66 41 62 20 73 14 61 87 93 82 51 0 10 24 15 95 31 21
78 98 10 33 86 29 66 11 44 83 40 32 8 70 88 99 26 29 1 57 90 78 22 17 35 57 91 46 95 83 5 9 2 36 14 76 65 96 9 44 98 52 6 10 0 8 4 52 64 41
86 65 45 6 69 20 89 36 78 73 91 29 80 32 49 57 20 96 67 62 70 46 37 80 45 78 62 1 20 77 96 30 62 23 93 5 46 77 88 64 98 81 58 24 8 0 3 90 70 46
23 24 57 77 10 64 85 97 6 38 43 62 7 78 21 41 25 40 96 57 38 36 19 61 70 39 81 56 96 33 49 41 43 0 72 82 27 29 60 100 70 76 76 15 4 3 0 26 28 56
61 83 99 11 23 99 29 65 69 42 1 66 43 98 80 75 84 92 83 84 73 42 89 52 53 72 1 87 24 25 83 33 69 74 20 5 50 94 70 35 96 80 55 95 52 90 26 0 17 38
17 20 49 83 72 19 96 48 85 24 60 8 60 12 37 97 13 77 36 52 90 19 86 9 56 56 94 45 24 23 45 19 73 26 42 46 29 73 6 12 47 66 99 31 64 70 28 17 0 79
63 26 73 5 67 31 75 75 57 88 88 32 82 59 19 25 33 61 18 48 95 48 13 84 97 53 100 90 50 30 45 85 44 28 10 30 95 46 6 65 43 43 26 21 41 46 56 38 79 0
RBRBRRRRRRBBBRRRRRBBBRBRRBRRRRRRBRBBBRRBBBBBBBBBBB