50
0 43 61 61 67 40 91 57 17 28 76 91 31 32 89 39 37 91 57 53 99 79 83 85 89 86 82 73 44 62 86 76 18 54 99 19 63 36 95 37 89 34 38 59 86 65 50 65 61 69
43 0 88 51 56 100 69 90 69 67 71 60 94 68 92 91 61 60 92 94 95 100 45 94 62 53 59 92 59 82 85 98 95 69 72 94 93 63 46 85 82 92 51 87 62 47 94 36 99 50
61 88 0 95 56 99 93 51 97 76 60 52 49 32 66 34 32 51 69 70 75 73 37 79 59 97 77 71 66 96 29 72 94 51 70 95 54 35 45 39 77 88 98 95 100 74 51 59 71 70
61 51 95 0 50 77 78 88 69 92 72 56 47 74 63 71 95 98 61 53 75 83 82 53 99 79 77 68 46 63 64 90 59 77 62 52 81 95 68 89 73 55 45 98 64 47 99 62 84 85
67 56 56 50 0 97 49 86 86 59 76 88 86 58 76 91 89 82 57 97 48 100 51 87 96 61 100 48 95 40 96 55 48 100 70 61 68 68 67 76 70 96 56 51 77 81 55 56 54 61
40 100 99 77 97 0 57 50 76 70 98 41 91 47 88 93 95 73 48 85 56 40 49 73 76 76 45 69 77 92 40 90 52 66 43 84 51 77 91 62 68 82 88 97 98 58 50 86 43 87
91 69 93 78 49 57 0 94 72 90 100 41 58 63 45 53 61 97 98 53 80 48 94 93 79 51 81 57 51 60 63 79 83 64 83 91 65 89 63 80 74 70 65 59 79 97 99 51 90 90
57 90 51 88 86 50 94 0 97 71 91 90 55 65 76 56 98 77 54 53 89 96 87 96 51 83 62 71 98 48 82 88 58 74 60 74 83 96 92 78 66 58 99 48 82 75 73 99 99 77
17 69 97 69 86 76 72 97 0 74 62 58 20 29 98 45 25 94 92 94 89 97 71 84 71 61 69 82 69 98 48 30 73 97 97 52 48 52 75 94 78 93 60 99 39 49 47 95 26 92
28 67 76 92 59 70 90 71 74 0 97 59 69 81 92 37 79 57 49 58 34 88 82 37 58 89 92 81 71 94 49 73 26 89 72 40 47 78 43 77 59 44 50 55 90 83 63 94 60 89
76 71 60 72 76 98 100 91 62 97 0 87 52 52 46 63 65 87 80 73 89 65 82 50 77 57 78 67 62 89 70 68 93 96 68 85 78 76 92 53 90 81 67 91 75 76 76 90 68 58
91 60 52 56 88 41 41 90 58 59 87 0 78 93 77 66 35 75 81 70 64 88 97 54 23 58 90 93 69 75 66 80 86 76 47 99 63 59 73 47 92 33 50 80 99 65 86 79 46 54
31 94 49 47 86 91 58 55 20 69 52 78 0 82 20 48 38 66 48 92 60 87 71 42 83 63 73 97 83 40 35 68 60 54 73 54 71 69 43 90 89 79 48 91 79 82 73 52 37 52
32 68 32 74 58 47 63 65 29 81 52 93 82 0 92 21 38 42 60 63 74 42 43 71 69 70 86 77 45 79 70 28 28 57 53 80 57 48 54 38 81 13 32 89 53 91 65 93 59 59
89 92 66 63 76 88 45 76 98 92 46 77 20 92 0 62 43 96 74 63 57 97 89 79 85 58 73 37 42 38 68 66 28 99 48 70 77 53 48 40 91 38 66 60 87 56 75 68 59 84
39 91 34 71 91 93 53 56 45 37 63 66 48 21 62 0 79 45 47 97 99 84 51 54 38 53 81 66 48 82 30 99 98 58 56 40 52 62 77 90 57 22 72 64 64 77 39 74 26 88
37 61 32 95 89 95 61 98 25 79 65 35 38 38 43 79 0 90 48 93 53 77 86 83 91 93 90 41 96 65 97 41 70 71 46 27 44 21 62 95 69 80 71 84 73 74 52 80 74 82
91 60 51 98 82 73 97 77 94 57 87 75 66 42 96 45 90 0 86 60 58 55 54 93 54 69 48 47 49 97 84 49 47 85 94 78 64 71 91 65 71 57 69 81 99 98 76 82 81 55
57 92 69 61 57 48 98 54 92 49 80 81 48 60 74 47 48 86 0 98 52 59 64 50 74 95 56 65 64 56 86 86 86 88 47 67 100 83 90 83 50 91 47 79 88 59 63 85 87 75
53 94 70 53 97 85 53 53 94 58 73 70 92 63 63 97 93 60 98 0 52 96 69 69 93 54 97 93 93 97 74 67 85 74 51 89 72 79 52 99 50 49 87 87 67 83 61 56 67 61
99 95 75 75 48 56 80 89 89 34 89 64 60 74 57 99 53 58 52 52 0 43 61 32 37 68 48 77 68 40 76 58 65 97 82 74 96 34 83 65 49 52 50 50 62 91 42 80 39 52
79 100 73 83 100 40 48 96 97 88 65 88 87 42 97 84 77 55 59 96 43 0 90 46 88 95 96 42 46 92 50 99 73 74 49 65 81 50 42 92 89 51 44 75 56 82 74 93 76 56
83 45 37 82 51 49 94 87 71 82 82 97 71 43 89 51 86 54 64 69 61 90 0 77 92 64 78 60 52 75 77 59 64 79 74 34 77 77 93 37 52 50 62 77 46 60 96 42 79 49
85 94 79 53 87 73 93 96 84 37 50 54 42 71 79 54 83 93 50 69 32 46 77 0 92 94 73 99 34 46 49 49 33 79 55 35 54 67 79 63 96 41 53 77 49 91 85 91 88 58
89 62 59 99 96 76 79 51 71 58 77 23 83 69 85 38 91 54 74 93 37 88 92 92 0 83 78 73 36 89 21 47 31 80 60 40 76 56 82 83 97 77 36 76 58 59 58 60 54 64
86 53 97 79 61 76 51 83 61 89 57 58 63 70 58 53 93 69 95 54 68 95 64 94 83 0 69 74 85 82 82 87 64 74 64 78 94 100 59 57 94 49 81 50 65 89 93 69 86 82
82 59 77 77 100 45 81 62 69 92 78 90 73 86 73 81 90 48 56 97 48 96 78 73 78 69 0 78 90 72 49 85 53 57 75 70 66 52 55 87 56 88 85 49 50 66 82 81 61 60
73 92 71 68 48 69 57 71 82 81 67 93 97 77 37 66 41 47 65 93 77 42 60 99 73 74 78 0 46 44 65 99 81 87 45 85 55 82 81 94 94 86 43 65 75 86 60 50 40 81
44 59 66 46 95 77 51 98 69 71 62 69 83 45 42 48 96 49 64 93 68 46 52 34 36 85 90 46 0 75 82 70 57 60 43 48 76 41 39 58 52 67 64 89 55 64 77 55 72 65
62 82 96 63 40 92 60 48 98 94 89 75 40 79 38 82 65 97 56 97 40 92 75 46 89 82 72 44 75 0 88 47 46 69 60 53 99 42 60 78 94 78 97 96 47 63 60 40 46 64
86 85 29 64 96 40 63 82 48 49 70 66 35 70 68 30 97 84 86 74 76 50 77 49 21 82 49 65 82 88 0 28 39 52 93 81 84 9 56 70 88 67 84 55 39 78 55 79 64 85
76 98 72 90 55 90 79 88 30 73 68 80 68 28 66 99 41 49 86 67 58 99 59 49 47 87 85 99 70 47 28 0 44 75 57 58 64 48 51 58 96 99 29 49 44 82 70 99 48 86
18 95 94 59 48 52 83 58 73 26 93 86 60 28 28 98 70 47 86 85 65 73 64 33 31 64 53 81 57 46 39 44 0 51 68 79 71 91 94 45 94 30 78 71 81 61 100 73 68 92
54 69 51 77 100 66 64 74 97 89 96 76 54 57 99 58 71 85 88 74 97 74 79 79 80 74 57 87 60 69 52 75 51 0 85 64 91 80 58 54 63 99 67 66 86 63 90 100 78 59
99 72 70 62 70 43 83 60 97 72 68 47 73 53 48 56 46 94 47 51 82 49 74 55 60 64 75 45 43 60 93 57 68 85 0 98 84 54 91 88 59 76 58 77 75 87 74 63 60 81
19 94 95 52 61 84 91 74 52 40 85 99 54 80 70 40 27 78 67 89 74 65 34 35 40 78 70 85 48 53 81 58 79 64 98 0 57 26 64 46 68 49 68 95 78 96 85 47 48 86
63 93 54 81 68 51 65 83 48 47 78 63 71 57 77 52 44 64 100 72 96 81 77 54 76 94 66 55 76 99 84 64 71 91 84 57 0 61 57 93 61 87 54 73 96 68 48 50 65 53
36 63 35 95 68 77 89 96 52 78 76 59 69 48 53 62 21 71 83 79 34 50 77 67 56 100 52 82 41 42 9 48 91 80 54 26 61 0 86 93 51 26 54 83 43 55 42 89 29 99
95 46 45 68 67 91 63 92 75 43 92 73 43 54 48 77 62 91 90 52 83 42 93 79 82 59 55 81 39 60 56 51 94 58 91 64 57 86 0 77 86 57 45 57 48 51 69 85 96 64
37 85 39 89 76 62 80 78 94 77 53 47 90 38 40 90 95 65 83 99 65 92 37 63 83 57 87 94 58 78 70 58 45 54 88 46 93 93 77 0 53 86 86 82 33 76 59 75 67 80
89 82 77 73 70 68 74 66 78 59 90 92 89 81 91 57 69 71 50 50 49 89 52 96 97 94 56 94 52 94 88 96 94 63 59 68 61 51 86 53 0 91 67 90 82 96 94 54 55 78
34 92 88 55 96 82 70 58 93 44 81 33 79 13 38 22 80 57 91 49 52 51 50 41 77 49 88 86 67 78 67 99 30 99 76 49 87 26 57 86 91 0 86 50 48 83 58 95 47 73
38 51 98 45 56 88 65 99 60 50 67 50 48 32 66 72 71 69 47 87 50 44 62 53 36 81 85 43 64 97 84 29 78 67 58 68 54 54 45 86 67 86 0 80 96 83 41 58 38 56
59 87 95 98 51 97 59 48 99 55 91 80 91 89 60 64 84 81 79 87 50 75 77 77 76 50 49 65 89 96 55 49 71 66 77 95 73 83 57 82 90 50 80 0 75 86 53 76 89 88
86 62 100 64 77 98 79 82 39 90 75 99 79 53 87 64 73 99 88 67 62 56 46 49 58 65 50 75 55 47 39 44 81 86 75 78 96 43 48 33 82 48 96 75 0 85 45 81 53 65
65 47 74 47 81 58 97 75 49 83 76 65 82 91 56 77 74 98 59 83 91 82 60 91 59 89 66 86 64 63 78 82 61 63 87 96 68 55 51 76 96 83 83 86 85 0 60 50 92 75
50 94 51 99 55 50 99 73 47 63 76 86 73 65 75 39 52 76 63 61 42 74 96 85 58 93 82 60 77 60 55 70 100 90 74 85 48 42 69 59 94 58 41 53 45 60 0 82 46 68
65 36 59 62 56 86 51 99 95 94 90 79 52 93 68 74 80 82 85 56 80 93 42 91 60 69 81 50 55 40 79 99 73 100 63 47 50 89 85 75 54 95 58 76 81 50 82 0 48 82
61 99 71 84 54 43 90 99 26 60 68 46 37 59 59 26 74 81 87 67 39 76 79 88 54 86 61 40 72 46 64 48 68 78 60 48 65 29 96 67 55 47 38 89 53 92 46 48 0 49
69 50 70 85 61 87 90 77 92 89 58 54 52 59 84 88 82 55 75 61 52 56 49 58 64 82 60 81 65 64 85 86 92 59 81 86 53 99 64 80 78 73 56 88 65 75 68 82 49 0
RBRBBRBBRRBBRRBRBRRBRRBRRBRBRRBBRRBBRBRBBRRBRRBBRR