1374
341
955
541
508
501
1463
510
46
243
25
2985
358
563
563
3243
781
1577
89
679
582
500
1439
777
665
1736
457
622
512
60
663
1179
188
1041
532
1415
1300
786
1541
573
1603
567
432
149
2386
685
1520
979
573
632
560
189
506
42
1367
656
52
10
1338
171
514
1636
1253
4
914
1708
487
280
544
133
14
2024
494
1118
300
362
536
2073
712
968
1468
94
1818
230
497
1
1545
381
10
815
531
431
1505
104
1230
473
566
444
318
260
19
88
629
238
182
1762
627
588
680
1484
31
610
347
962
555
668
180
1328
588
563
1649
29
671
2073
383
1777
686
1217
4801
528
2011
520
453
182
33
447
0
620
1832
1267
2002
3515
1447
1295
1841
339
589
2023
635
1281
455
616
1569
630
217
74
561
2146
535
247
1965
1973
559
3158
1410
363
1557
2472
522
576
1687
697
631
535
684
20
443
620
980
933
218
2276
109
482
341
1720
1154
607
447
563
533
341
434
1872
996
323
553
29
505
499
2694
426
542
23
1581
1490
156
655
644
425
570
148
161
96
268
3747
1922
973
1215
1874
1826
497
2194
472
2501
170
1693
2157
7
1480
31
876
596
501
507
665
820
731
515
0
247
191
1043
124
1751
450
550
0
1519
1271
1248
748
1807
166
1976
14
176
928
339
637
1235
113
554
1472
582
1580
1618
512
382
1092
587
1678
255
607
614
306
1749
1713
1845
13
487
2200
1451
50
525
1379
578
2098
670
18
226
627
53
977
1516
1821
1404
1511
792
173
221
588
399
503
1904
982
0
1369
0
73
498
493
791
736
2561
1550
233
4184
496
578
481
758
329
1109
1084
630
1079
538
589
531
1346
1413
394
900
0
395
313
5
721
2019
556
1810
564
550
562
428
534
542
517
1653
1581
544
1250
1919
617
22
97
489
2100
307
212
37
2044
409
1487
633
0
494
1480
567
569
776
483
532
1276
142
1381
1418
1612
452
83
1346
73
1
1601
627
176
1773
672
1397
598
598
592
544
10
1784
489
571
71
261
1597
1734
3185
598
16
330
75
520
858
799
1672
693
1932
50
1279
332
555
489
638
471
496
1355
622
1168
539
302
327
195
544
614
2191
523
284
429
6
557
208
496
1082
167
625
2093
3402
656
3605
48
6
2783
960
1709
2423
577
530
657
785
1204
2016
549
458
666
1100
1302
628
1886
153
510
2006
2102
35
568
1469
191
1785
510
1000
569
2844
464
698
516
2722
6
2335
662
804
462
475
68
2642
571
1992
612
26
2031
504
