50
0 0 63 21 33 75 75 40 56 29 93 25 75 51 10 40 19 50 13 4 74 53 46 75 90 50 13 72 94 91 89 14 20 32 69 12 22 36 57 64 76 58 62 41 34 12 65 81 20 17
91 0 0 20 35 73 78 99 4 67 76 73 61 45 16 73 34 50 64 29 46 13 49 11 66 74 11 53 10 66 30 46 73 67 49 9 67 27 67 64 40 6 81 96 37 96 59 60 9 55
63 60 0 0 5 64 7 75 2 43 7 70 74 23 65 95 75 7 17 8 22 15 77 68 50 38 36 78 90 19 65 50 57 94 31 94 8 32 7 58 90 15 22 26 48 3 37 61 40 57
21 20 94 0 0 39 57 8 33 70 12 57 65 31 7 100 82 45 47 41 74 5 92 69 29 15 21 39 44 50 73 24 59 98 50 63 17 32 42 86 0 36 54 23 80 28 47 18 75 90
33 35 5 72 0 0 11 45 78 32 20 12 53 89 93 11 89 84 98 14 32 41 100 6 49 37 26 43 14 27 77 10 74 57 72 27 6 99 72 47 38 83 69 63 25 66 43 78 59 31
75 73 64 39 68 0 0 89 19 28 52 83 40 95 43 95 66 78 77 52 44 33 97 57 36 25 93 71 78 75 16 43 88 63 100 13 34 72 73 2 61 22 46 70 97 41 80 99 19 27
75 78 7 57 11 51 0 0 89 62 43 87 72 46 41 57 5 63 44 50 81 72 51 4 73 53 39 49 12 66 69 64 90 37 76 7 53 60 63 18 25 64 78 88 39 55 1 30 83 17
40 99 75 8 45 89 53 0 0 87 93 48 35 23 86 14 27 8 60 82 17 17 21 66 80 31 2 26 61 48 82 69 22 56 61 71 31 44 16 89 49 87 99 70 92 75 20 21 66 81
56 4 2 33 78 19 89 87 0 0 13 20 73 32 96 98 52 3 92 77 42 36 46 6 91 33 65 15 55 25 22 99 26 81 7 10 14 47 60 37 1 98 73 51 24 51 78 44 85 4
29 67 43 70 32 28 62 87 75 0 0 98 2 31 91 98 89 1 81 15 72 63 96 95 92 44 92 33 100 81 68 32 56 83 5 49 63 58 36 33 30 68 59 47 37 26 12 30 95 29
93 76 7 12 20 52 43 93 13 66 0 0 50 82 39 2 86 31 63 54 10 90 20 20 18 24 72 12 39 88 92 43 1 26 26 30 42 15 82 37 29 54 33 11 96 63 85 54 36 9
25 73 70 57 12 83 87 48 20 98 23 0 0 71 87 77 93 0 90 90 52 78 65 74 45 34 36 62 89 48 21 32 84 98 18 52 0 3 30 18 31 95 40 98 63 82 17 95 35 14
75 61 74 65 53 40 72 35 73 2 50 88 0 0 94 17 18 34 71 33 28 2 67 97 10 100 19 99 33 42 87 39 11 55 38 57 83 52 71 81 39 100 42 29 98 9 72 64 14 61
51 45 23 31 89 95 46 23 32 31 82 71 68 0 0 6 70 37 15 38 87 67 93 35 82 31 10 75 20 83 27 5 9 20 55 18 30 70 90 18 56 89 69 80 21 53 99 53 41 56
10 16 65 7 93 43 41 86 96 91 39 87 94 19 0 0 80 89 94 2 92 29 83 44 77 43 26 31 70 89 69 22 85 36 98 8 5 81 83 64 31 3 10 18 89 26 5 36 4 15
40 73 95 100 11 95 57 14 98 98 2 77 17 6 83 0 0 77 53 44 23 31 14 62 25 87 1 50 52 72 36 64 76 45 85 85 74 98 10 40 48 32 33 34 61 74 80 81 72 31
19 34 75 82 89 66 5 27 52 89 86 93 18 70 80 82 0 0 15 81 83 34 14 10 59 96 11 90 90 60 98 90 9 90 72 73 98 26 47 95 23 56 43 52 73 17 9 61 64 43
50 50 7 45 84 78 63 8 3 1 31 0 34 37 89 77 85 0 0 100 46 73 50 100 91 51 26 64 38 43 25 74 79 50 6 25 89 7 24 16 23 34 18 80 47 78 2 22 56 24
13 64 17 47 98 77 44 60 92 81 63 90 71 15 94 53 15 83 0 0 79 94 43 45 50 84 62 25 59 3 96 1 29 21 30 62 70 98 36 28 93 70 39 91 67 40 17 84 51 33
4 29 8 41 14 52 50 82 77 15 54 90 33 38 2 44 81 100 53 0 0 10 10 6 56 100 94 29 49 7 89 40 44 80 71 50 37 15 18 8 16 79 84 72 76 26 6 12 59 47
74 46 22 74 32 44 81 17 42 72 10 52 28 87 92 23 83 46 79 22 0 0 62 65 39 43 20 13 92 5 27 66 41 66 54 48 1 49 13 3 59 31 97 46 56 99 92 65 3 59
53 13 15 5 41 33 72 17 36 63 90 78 2 67 29 31 34 73 94 10 51 0 0 6 98 31 17 64 58 48 39 80 59 70 52 89 69 76 29 7 23 60 29 41 46 41 7 21 63 43
46 49 77 92 100 97 51 21 46 96 20 65 67 93 83 14 14 50 43 10 62 67 0 0 100 61 11 45 8 93 77 20 95 71 6 54 62 76 61 20 81 16 56 8 75 67 94 62 95 46
75 11 68 69 6 57 4 66 6 95 20 74 97 35 44 62 10 100 45 6 65 6 54 0 0 14 42 49 44 29 85 28 24 32 54 52 34 15 50 23 48 52 54 36 1 21 79 42 48 31
90 66 50 29 49 36 73 80 91 92 18 45 10 82 77 25 59 91 50 56 39 98 100 20 0 0 33 41 41 77 53 66 11 47 100 7 28 88 76 31 18 4 65 82 80 44 53 17 20 80
50 74 38 15 37 25 53 31 33 44 24 34 100 31 43 87 96 51 84 100 43 31 61 14 86 0 0 81 83 65 86 52 20 20 5 8 12 95 74 50 58 50 30 15 30 19 28 85 95 60
13 11 36 21 26 93 39 2 65 92 72 36 19 10 26 1 11 26 62 94 20 17 11 42 33 72 0 0 80 90 35 42 36 52 20 59 20 2 91 64 14 98 72 68 0 48 77 36 51 91
72 53 78 39 43 71 49 26 15 33 12 62 99 75 31 50 90 64 25 29 13 64 45 49 41 81 60 0 0 13 51 65 58 9 71 65 6 48 64 72 80 95 53 0 1 64 53 91 45 100
94 10 90 44 14 78 12 61 55 100 39 89 33 20 70 52 90 38 59 49 92 58 8 44 41 83 80 33 0 0 20 95 80 83 61 81 98 2 16 37 29 22 54 53 32 43 63 40 26 26
91 66 19 50 27 75 66 48 25 81 88 48 42 83 89 72 60 43 3 7 5 48 93 29 77 65 90 13 26 0 0 83 47 26 57 8 54 73 68 5 69 24 82 5 94 98 43 50 10 38
89 30 65 73 77 16 69 82 22 68 92 21 87 27 69 36 98 25 96 89 27 39 77 85 53 86 35 51 20 53 0 0 62 59 33 70 23 93 80 3 13 70 58 85 97 38 52 38 66 79
14 46 50 24 10 43 64 69 99 32 43 32 39 5 22 64 90 74 1 40 66 80 20 28 66 52 42 65 95 83 24 0 0 35 8 92 52 30 56 66 28 94 69 12 19 26 59 85 57 96
20 73 57 59 74 88 90 22 26 56 1 84 11 9 85 76 9 79 29 44 41 59 95 24 11 20 36 58 80 47 62 53 0 0 69 35 9 40 66 24 59 74 68 14 95 42 48 14 2 3
32 67 94 98 57 63 37 56 81 83 26 98 55 20 36 45 90 50 21 80 66 70 71 32 47 20 52 9 83 26 59 35 75 0 0 67 51 29 35 47 96 39 61 23 18 55 52 56 46 0
69 49 31 50 72 100 76 61 7 5 26 18 38 55 98 85 72 6 30 71 54 52 6 54 100 5 20 71 61 57 33 8 69 36 0 0 78 1 86 19 91 2 27 96 17 8 21 19 100 58
12 9 94 63 27 13 7 71 10 49 30 52 57 18 8 85 73 25 62 50 48 89 54 52 7 8 59 65 81 8 70 92 35 67 21 0 0 6 26 46 85 18 46 77 2 16 35 1 30 97
22 67 8 17 6 34 53 31 14 63 42 0 83 30 5 74 98 89 70 37 1 69 62 34 28 12 20 6 98 54 23 52 9 51 78 6 0 0 80 45 18 43 66 81 59 7 99 30 0 71
36 27 32 32 99 72 60 44 47 58 15 3 52 70 81 98 26 7 98 15 49 76 76 15 88 95 2 48 2 73 93 30 40 29 1 6 34 0 0 0 15 15 96 78 70 83 77 26 14 41
57 67 7 42 72 73 63 16 60 36 82 30 71 90 83 10 47 24 36 18 13 29 61 50 76 74 91 64 16 68 80 56 66 35 86 26 80 57 0 0 29 81 10 63 93 79 32 16 90 70
64 64 58 86 47 2 18 89 37 33 37 18 81 18 64 40 95 16 28 8 3 7 20 23 31 50 64 72 37 5 3 66 24 47 19 46 45 0 20 0 0 65 93 18 63 49 14 91 72 42
76 40 90 0 38 61 25 49 1 30 29 31 39 56 31 48 23 23 93 16 59 23 81 48 18 58 14 80 29 69 13 28 59 96 91 85 18 15 29 56 0 0 39 72 95 42 30 24 89 61
58 6 15 36 83 22 64 87 98 68 54 95 100 89 3 32 56 34 70 79 31 60 16 52 4 50 98 95 22 24 70 94 74 39 2 18 43 15 81 65 78 0 0 98 40 27 4 46 14 65
62 81 22 54 69 46 78 99 73 59 33 40 42 69 10 33 43 18 39 84 97 29 56 54 65 30 72 53 54 82 58 69 68 61 27 46 66 96 10 93 39 66 0 0 28 86 33 4 9 34
41 96 26 23 63 70 88 70 51 47 11 98 29 80 18 34 52 80 91 72 46 41 8 36 82 15 68 0 53 5 85 12 14 23 96 77 81 78 63 18 72 98 32 0 0 43 79 69 98 92
34 37 48 80 25 97 39 92 24 37 96 63 98 21 89 61 73 47 67 76 56 46 75 1 80 30 0 1 32 94 97 19 95 18 17 2 59 70 93 63 95 40 28 91 0 0 10 27 12 60
12 96 3 28 66 41 55 75 51 26 63 82 9 53 26 74 17 78 40 26 99 41 67 21 44 19 48 64 43 98 38 26 42 55 8 16 7 83 79 49 42 27 86 43 47 0 0 46 62 24
65 59 37 47 43 80 1 20 78 12 85 17 72 99 5 80 9 2 17 6 92 7 94 79 53 28 77 53 63 43 52 59 48 52 21 35 99 77 32 14 30 4 33 79 10 2 0 0 93 95
81 60 61 18 78 99 30 21 44 30 54 95 64 53 36 81 61 22 84 12 65 21 62 42 17 85 36 91 40 50 38 85 14 56 19 1 30 26 16 91 24 46 4 69 27 46 17 0 0 91
20 9 40 75 59 19 83 66 85 95 36 35 14 41 4 72 64 56 51 59 3 63 95 48 20 95 51 45 26 10 66 57 2 46 100 30 0 14 90 72 89 14 9 98 12 62 93 9 0 0
17 55 57 90 31 27 17 81 4 29 9 14 61 56 15 31 43 24 33 47 59 43 46 31 80 60 91 100 26 38 79 96 3 0 58 97 71 41 70 42 61 65 34 92 60 24 95 91 76 0
RBBBRRBBRRRRRRBBRBBRBRRRRBBRBBBRBBRRBRRRBBBBBRRBRB