50
0 0 69 12 97 91 21 18 57 20 69 5 54 59 26 61 97 67 22 92 60 18 82 27 20 100 97 23 11 98 49 11 22 10 36 69 67 0 86 3 75 20 16 2 85 67 5 64 3 81
51 0 0 59 36 85 81 65 80 82 42 69 70 88 83 34 13 55 33 29 72 89 73 68 78 81 5 69 69 13 40 48 96 9 98 83 90 92 26 18 75 66 100 16 9 69 87 98 50 66
69 69 0 0 90 81 58 97 61 73 74 17 25 58 71 53 3 82 92 27 26 78 46 5 95 8 68 83 20 13 65 57 84 81 10 58 25 56 13 68 65 34 72 25 45 32 0 16 41 97
12 59 70 0 0 57 11 92 18 86 43 93 88 76 17 27 62 57 63 32 42 27 70 10 59 67 35 55 26 49 28 25 32 78 27 53 10 76 17 78 89 68 38 30 59 75 48 10 63 58
97 36 90 22 0 0 31 91 15 27 25 14 39 67 38 16 34 56 9 67 12 82 47 90 27 14 80 45 99 19 36 61 56 82 73 24 24 85 64 68 30 50 100 4 11 57 79 82 36 63
91 85 81 57 49 0 0 47 67 57 80 13 23 34 6 23 2 95 65 13 16 48 59 17 39 91 82 34 31 99 1 11 76 5 100 31 1 84 50 88 26 20 96 92 58 99 63 69 2 50
21 81 58 11 31 67 0 0 41 55 16 36 7 95 100 6 90 71 55 39 64 96 53 27 31 81 72 83 84 97 15 74 58 53 45 51 94 56 30 45 92 42 44 5 91 82 63 46 87 6
18 65 97 92 91 47 45 0 0 30 35 59 5 53 16 2 37 62 3 47 55 86 89 18 75 61 2 63 66 98 49 17 50 62 25 20 69 24 24 59 47 44 4 82 50 45 28 56 99 5
57 80 61 18 15 67 41 57 0 0 93 64 54 37 50 58 45 27 34 37 88 31 69 89 57 79 38 52 91 31 94 81 67 24 44 37 5 17 99 64 11 60 58 72 1 28 44 39 11 84
20 82 73 86 27 57 55 30 53 0 0 62 71 51 9 48 28 45 97 29 67 32 77 87 24 20 24 46 43 91 82 12 6 36 27 18 8 85 18 92 51 85 1 2 65 100 81 52 96 82
69 42 74 43 25 80 16 35 93 5 0 0 34 90 62 99 70 83 79 16 45 70 82 92 61 66 78 78 83 64 51 20 60 66 7 25 23 5 80 97 89 29 27 42 3 48 67 6 70 58
5 69 17 93 14 13 36 59 64 62 32 0 0 36 10 34 68 46 50 89 44 22 7 73 68 23 62 60 12 64 80 98 53 66 2 83 58 95 65 80 50 71 75 33 63 10 70 90 97 20
54 70 25 88 39 23 7 5 54 71 34 3 0 0 4 93 64 71 85 37 65 17 3 8 58 79 45 14 9 39 22 5 40 60 73 74 68 34 17 71 36 97 34 15 83 27 53 33 24 7
59 88 58 76 67 34 95 53 37 51 90 36 32 0 0 75 55 11 40 44 50 48 61 89 73 50 65 53 86 93 29 59 45 62 61 62 90 95 65 18 75 50 8 32 20 37 30 30 10 29
26 83 71 17 38 6 100 16 50 9 62 10 4 96 0 0 100 23 78 74 97 80 70 72 86 11 0 99 17 20 72 89 4 31 47 76 20 87 52 57 86 77 77 27 86 87 63 93 47 34
61 34 53 27 16 23 6 2 58 48 99 34 93 75 27 0 0 47 66 53 16 59 97 69 18 56 22 35 16 95 1 47 21 86 31 82 64 55 48 13 69 49 49 37 60 6 84 0 27 25
97 13 3 62 34 2 90 37 45 28 70 68 64 55 100 36 0 0 9 91 88 14 48 1 72 10 62 47 3 42 33 2 1 63 26 71 1 63 15 38 84 58 4 76 13 30 60 82 45 20
67 55 82 57 56 95 71 62 27 45 83 46 71 11 23 47 57 0 0 62 94 15 83 48 79 26 96 88 24 84 40 84 93 90 70 85 56 99 96 83 5 62 24 53 3 1 22 52 10 22
22 33 92 63 9 65 55 3 34 97 79 50 85 40 78 66 9 29 0 0 8 39 47 21 51 2 76 18 79 41 24 21 19 84 75 0 27 37 72 71 62 47 60 79 40 0 76 54 82 3
92 29 27 32 67 13 39 47 37 29 16 89 37 44 74 53 91 62 30 0 0 3 91 11 22 2 48 73 77 84 23 79 5 73 46 3 99 89 38 59 67 31 29 54 76 78 36 77 68 18
60 72 26 42 12 16 64 55 88 67 45 44 65 50 97 16 88 94 8 43 0 0 66 51 63 6 86 28 8 89 27 47 24 3 95 67 84 44 36 7 52 50 20 90 22 25 46 38 89 56
18 89 78 27 82 48 96 86 31 32 70 22 17 48 80 59 14 15 39 3 90 0 0 67 93 33 17 72 6 40 25 63 75 22 71 60 90 24 1 84 98 3 94 17 99 83 31 54 46 12
82 73 46 70 47 59 53 89 69 77 82 7 3 61 70 97 48 83 47 91 66 81 0 0 58 82 25 10 48 66 38 76 49 22 98 62 7 0 52 79 51 33 20 18 84 25 11 71 16 68
27 68 5 10 90 17 27 18 89 87 92 73 8 89 72 69 1 48 21 11 51 67 77 0 0 80 3 56 27 16 0 79 30 79 52 16 26 62 83 64 61 30 12 45 96 21 85 11 64 80
20 78 95 59 27 39 31 75 57 24 61 68 58 73 86 18 72 79 51 22 63 93 58 21 0 0 69 50 68 54 79 44 19 57 33 72 17 54 9 44 19 35 2 60 36 5 25 31 22 32
100 81 8 67 14 91 81 61 79 20 66 23 79 50 11 56 10 26 2 2 6 33 82 80 71 0 0 38 32 47 73 78 78 98 44 85 32 84 46 56 54 70 84 11 43 66 40 82 99 45
97 5 68 35 80 82 72 2 38 24 78 62 45 65 0 22 62 96 76 48 86 17 25 3 69 77 0 0 73 25 43 65 37 50 1 60 100 98 99 66 78 68 85 8 90 65 63 62 86 30
23 69 83 55 45 34 83 63 52 46 78 60 14 53 99 35 47 88 18 73 28 72 10 56 50 38 93 0 0 19 74 39 5 35 60 49 94 59 66 90 11 32 59 29 20 27 4 4 97 55
11 69 20 26 99 31 84 66 91 43 83 12 9 86 17 16 3 24 79 77 8 6 48 27 68 32 73 28 0 0 31 17 48 83 82 56 23 8 30 26 69 13 3 6 2 22 54 16 66 48
98 13 13 49 19 99 97 98 31 91 64 64 39 93 20 95 42 84 41 84 89 40 66 16 54 47 25 19 15 0 0 48 72 40 1 68 2 4 90 59 16 55 0 64 34 97 100 68 23 95
49 40 65 28 36 1 15 49 94 82 51 80 22 29 72 1 33 40 24 23 27 25 38 0 79 73 43 74 31 33 0 0 49 37 10 26 1 97 17 90 21 84 39 35 57 49 70 4 51 84
11 48 57 25 61 11 74 17 81 12 20 98 5 59 89 47 2 84 21 79 47 63 76 79 44 78 65 39 17 48 99 0 0 63 50 43 57 72 17 52 8 9 24 74 63 14 54 85 67 90
22 96 84 32 56 76 58 50 67 6 60 53 40 45 4 21 1 93 19 5 24 75 49 30 19 78 37 5 48 72 49 86 0 0 82 26 27 25 90 65 98 15 51 97 11 88 28 31 53 46
10 9 81 78 82 5 53 62 24 36 66 66 60 62 31 86 63 90 84 73 3 22 22 79 57 98 50 35 83 40 37 63 30 0 0 94 85 18 10 86 3 62 88 51 34 96 69 86 42 13
36 98 10 27 73 100 45 25 44 27 7 2 73 61 47 31 26 70 75 46 95 71 98 52 33 44 1 60 82 1 10 50 82 79 0 0 69 99 79 59 15 78 2 2 31 3 24 98 15 85
69 83 58 53 24 31 51 20 37 18 25 83 74 62 76 82 71 85 0 3 67 60 62 16 72 85 60 49 56 68 26 43 26 94 2 0 0 1 70 25 20 32 92 96 10 93 56 49 68 73
67 90 25 10 24 1 94 69 5 8 23 58 68 90 20 64 1 56 27 99 84 90 7 26 17 32 100 94 23 2 1 57 27 85 69 11 0 0 33 64 43 44 56 21 20 54 25 4 23 57
0 92 56 76 85 84 56 24 17 85 5 95 34 95 87 55 63 99 37 89 44 24 0 62 54 84 98 59 8 4 97 72 25 18 99 1 82 0 0 68 95 59 0 36 99 50 25 77 32 84
86 26 13 17 64 50 30 24 99 18 80 65 17 65 52 48 15 96 72 38 36 1 52 83 9 46 99 66 30 90 17 17 90 10 79 70 33 10 0 0 29 1 93 18 17 79 42 18 92 90
3 18 68 78 68 88 45 59 64 92 97 80 71 18 57 13 38 83 71 59 7 84 79 64 44 56 66 90 26 59 90 52 65 86 59 25 64 68 5 0 0 13 10 85 99 89 43 49 52 29
75 75 65 89 30 26 92 47 11 51 89 50 36 75 86 69 84 5 62 67 52 98 51 61 19 54 78 11 69 16 21 8 98 3 15 20 43 95 29 93 0 0 24 40 13 19 43 24 84 3
20 66 34 68 50 20 42 44 60 85 29 71 97 50 77 49 58 62 47 31 50 3 33 30 35 70 68 32 13 55 84 9 15 62 78 32 44 59 1 13 92 0 0 85 24 11 64 33 23 22
16 100 72 38 100 96 44 4 58 1 27 75 34 8 77 49 4 24 60 29 20 94 20 12 2 84 85 59 3 0 39 24 51 88 2 92 56 0 93 10 24 68 0 0 59 8 6 20 76 66
2 16 25 30 4 92 5 82 72 2 42 33 15 32 27 37 76 53 79 54 90 17 18 45 60 11 8 29 6 64 35 74 97 51 2 96 21 36 18 85 40 85 65 0 0 62 89 66 42 6
85 9 45 59 11 58 91 50 1 65 3 63 83 20 86 60 13 3 40 76 22 99 84 96 36 43 90 20 2 34 57 63 11 34 31 10 20 99 17 99 13 24 59 14 0 0 100 14 66 8
67 69 32 75 57 99 82 45 28 100 48 10 27 37 87 6 30 1 0 78 25 83 25 21 5 66 65 27 22 97 49 14 88 96 3 93 54 50 79 89 19 11 8 62 34 0 0 6 8 76
5 87 0 48 79 63 63 28 44 81 67 70 53 30 63 84 60 22 76 36 46 31 11 85 25 40 63 4 54 100 70 54 28 69 24 56 25 25 42 43 43 64 6 89 100 18 0 0 31 90
64 98 16 10 82 69 46 56 39 52 6 90 33 30 93 0 82 52 54 77 38 54 71 11 31 82 62 4 16 68 4 85 31 86 98 49 4 77 18 49 24 33 20 66 14 6 63 0 0 31
3 50 41 63 36 2 87 99 11 96 70 97 24 10 47 27 45 10 82 68 89 46 16 64 22 99 86 97 66 23 51 67 53 42 15 68 23 32 92 52 84 23 76 42 66 8 31 37 0 0
81 66 97 58 63 50 6 5 84 82 58 20 7 29 34 25 20 22 3 18 56 12 68 80 32 45 30 55 48 95 84 90 46 13 85 73 57 84 90 29 3 22 66 6 8 76 90 31 34 0
RRRRRBBRRBRBRRRRBBRBBRBRRRRBRBRRBRRRRBBBBBBBBBBBBB